50
17
1:1>30.0365
2:12>0.205607
3:21>0.3675
5:22>0.45
6:12>0.0940915
7:13>0.0069908
11:13>0.000786645
12:19>0.146493
14:21>0.172778
24:8>0.143971
25:0>22.8298
49:19>0.171548
50:11>0.0450729
51:24>0.0083992
100:7>15.7975
101:23>0.0470588
201:23>0.0513228
18
4(0):2(0)1(0)
10(0):5(0)2(1)1(0)
13(0):6(1)3(0)1(1)
15(0):7(1)3(1)1(1)
22(1):11(0)5(1)2(1)1(0)
23(0):11(1)5(1)2(1)1(0)
28(1):14(0)7(0)3(1)1(1)
29(0):14(1)7(0)3(1)1(1)
48(0):24(0)12(0)6(0)3(0)1(1)
98(0):49(0)24(1)12(0)6(0)3(0)1(1)
99(1):49(1)24(1)12(0)6(0)3(0)1(1)
102(1):51(0)25(1)12(1)6(0)3(0)1(1)
103(0):51(1)25(1)12(1)6(0)3(0)1(1)
200(1):100(0)50(0)25(0)12(1)6(0)3(0)1(1)
202(0):101(0)50(1)25(0)12(1)6(0)3(0)1(1)
203(1):101(1)50(1)25(0)12(1)6(0)3(0)1(1)
402(0):201(0)100(1)50(0)25(0)12(1)6(0)3(0)1(1)
403(1):201(1)100(1)50(0)25(0)12(1)6(0)3(0)1(1)

16
1:1>30.2719
2:3>35.6809
3:23>0.0650794
5:24>0.0099381
7:20>0.445
14:19>0.127399
15:13>0.0311483
28:16>0.00271118
29:21>0.625
31:16>-0.00318278
56:23>0.0446465
62:0>22.3762
63:21>0.485
124:18>0.34725
248:15>-0.439527
496:5>-0.48182
17
4(0):2(0)1(0)
6(0):3(0)1(1)
10(1):5(0)2(1)1(0)
11(0):5(1)2(1)1(0)
30(0):15(0)7(1)3(1)1(1)
57(0):28(1)14(0)7(0)3(1)1(1)
58(0):29(0)14(1)7(0)3(1)1(1)
59(1):29(1)14(1)7(0)3(1)1(1)
112(1):56(0)28(0)14(0)7(0)3(1)1(1)
113(0):56(1)28(0)14(0)7(0)3(1)1(1)
125(0):62(1)31(0)15(1)7(1)3(1)1(1)
126(1):63(0)31(1)15(1)7(1)3(1)1(1)
127(0):63(1)31(1)15(1)7(1)3(1)1(1)
249(0):124(1)62(0)31(0)15(1)7(1)3(1)1(1)
497(0):248(1)124(0)62(0)31(0)15(1)7(1)3(1)1(1)
992(1):496(0)248(0)124(0)62(0)31(0)15(1)7(1)3(1)1(1)
993(0):496(1)248(0)124(0)62(0)31(0)15(1)7(1)3(1)1(1)

10
1:1>30.2885
3:4>15.4024
6:2>3.88056
7:9>0.0686122
12:23>0.0717461
13:22>0.5675
15:23>0.0504115
25:7>18.5813
27:22>0.46625
51:10>0.0681567
11
2(0):1(0)
14(0):7(0)3(1)1(1)
24(0):12(0)6(0)3(0)1(1)
26(0):13(0)6(1)3(0)1(1)
30(0):15(0)7(1)3(1)1(1)
31(1):15(1)7(1)3(1)1(1)
50(1):25(0)12(1)6(0)3(0)1(1)
54(1):27(0)13(1)6(1)3(0)1(1)
55(0):27(1)13(1)6(1)3(0)1(1)
102(1):51(0)25(1)12(1)6(0)3(0)1(1)
103(0):51(1)25(1)12(1)6(0)3(0)1(1)

17
1:6>93.5
2:13>-0.00401769
3:7>15.6071
4:20>0.575
5:7>18.3603
6:9>0.977522
9:25>0.0555556
10:22>0.615
11:14>0.254251
13:27>0.0666667
19:19>0.0604955
21:18>0.402222
22:5>2.71471
27:18>0.527889
38:14>0.18016
43:22>0.44375
76:18>0.440833
18
7(0):3(1)1(1)
8(0):4(0)2(0)1(0)
12(0):6(0)3(0)1(1)
18(0):9(0)4(1)2(0)1(0)
20(0):10(0)5(0)2(1)1(0)
23(0):11(1)5(1)2(1)1(0)
26(0):13(0)6(1)3(0)1(1)
39(0):19(1)9(1)4(1)2(0)1(0)
42(1):21(0)10(1)5(0)2(1)1(0)
44(0):22(0)11(0)5(1)2(1)1(0)
45(1):22(1)11(0)5(1)2(1)1(0)
54(0):27(0)13(1)6(1)3(0)1(1)
55(1):27(1)13(1)6(1)3(0)1(1)
77(1):38(1)19(0)9(1)4(1)2(0)1(0)
86(1):43(0)21(1)10(1)5(0)2(1)1(0)
87(0):43(1)21(1)10(1)5(0)2(1)1(0)
152(0):76(0)38(0)19(0)9(1)4(1)2(0)1(0)
153(1):76(1)38(0)19(0)9(1)4(1)2(0)1(0)

13
1:1>30.2719
2:14>0.209901
3:27>0.0500001
5:5>2.86443
7:19>0.147202
10:17>0.00760894
14:24>0.0152641
15:0>23.9888
30:18>0.574365
31:6>104
60:19>0.0797638
61:4>15.2875
123:19>0.119291
14
4(0):2(0)1(0)
6(0):3(0)1(1)
11(0):5(1)2(1)1(0)
20(1):10(0)5(0)2(1)1(0)
21(0):10(1)5(0)2(1)1(0)
28(1):14(0)7(0)3(1)1(1)
29(0):14(1)7(0)3(1)1(1)
62(0):31(0)15(1)7(1)3(1)1(1)
63(1):31(1)15(1)7(1)3(1)1(1)
120(0):60(0)30(0)15(0)7(1)3(1)1(1)
121(1):60(1)30(0)15(0)7(1)3(1)1(1)
122(1):61(0)30(1)15(0)7(1)3(1)1(1)
246(0):123(0)61(1)30(1)15(0)7(1)3(1)1(1)
247(1):123(1)61(1)30(1)15(0)7(1)3(1)1(1)

14
1:27>0.0500001
2:19>0.129898
3:1>30.2885
6:8>0.163014
7:21>0.5775
13:8>0.136223
14:2>5.94682
15:19>0.0709531
28:24>0.0124723
30:15>-0.534283
31:21>0.405
60:23>0.0513228
61:20>0.3625
120:24>0.0190103
15
4(1):2(0)1(0)
5(0):2(1)1(0)
12(0):6(0)3(0)1(1)
26(1):13(0)6(1)3(0)1(1)
27(0):13(1)6(1)3(0)1(1)
29(0):14(1)7(0)3(1)1(1)
56(0):28(0)14(0)7(0)3(1)1(1)
57(1):28(1)14(0)7(0)3(1)1(1)
62(1):31(0)15(1)7(1)3(1)1(1)
63(0):31(1)15(1)7(1)3(1)1(1)
121(1):60(1)30(0)15(0)7(1)3(1)1(1)
122(0):61(0)30(1)15(0)7(1)3(1)1(1)
123(1):61(1)30(1)15(0)7(1)3(1)1(1)
240(1):120(0)60(0)30(0)15(0)7(1)3(1)1(1)
241(0):120(1)60(0)30(0)15(0)7(1)3(1)1(1)

14
1:1>30.0869
2:8>0.14939
3:18>0.347361
5:13>0.000786645
6:20>0.575
7:27>0.0500001
13:0>22.0234
15:23>0.0492858
26:3>31.0949
53:7>24.1032
106:6>160
107:1>25.0472
214:13>-0.0015239
428:12>1.17779
15
4(0):2(0)1(0)
10(1):5(0)2(1)1(0)
11(0):5(1)2(1)1(0)
12(0):6(0)3(0)1(1)
14(0):7(0)3(1)1(1)
27(0):13(1)6(1)3(0)1(1)
30(0):15(0)7(1)3(1)1(1)
31(1):15(1)7(1)3(1)1(1)
52(1):26(0)13(0)6(1)3(0)1(1)
212(1):106(0)53(0)26(1)13(0)6(1)3(0)1(1)
213(0):106(1)53(0)26(1)13(0)6(1)3(0)1(1)
215(1):107(1)53(1)26(1)13(0)6(1)3(0)1(1)
429(0):214(1)107(0)53(1)26(1)13(0)6(1)3(0)1(1)
856(0):428(0)214(0)107(0)53(1)26(1)13(0)6(1)3(0)1(1)
857(1):428(1)214(0)107(0)53(1)26(1)13(0)6(1)3(0)1(1)

16
1:10>0.16819
2:19>0.0798244
3:15>-0.00392247
4:1>30.8933
6:22>0.565
7:1>29.7341
9:24>3.71e-18
12:7>28.35
13:20>0.177573
15:22>0.40875
18:9>1.04623
19:21>0.5325
26:5>-0.48182
30:6>93.5
60:17>0.00368532
121:24>0.0247857
17
5(0):2(1)1(0)
8(0):4(0)2(0)1(0)
14(0):7(0)3(1)1(1)
24(1):12(0)6(0)3(0)1(1)
25(0):12(1)6(0)3(0)1(1)
27(0):13(1)6(1)3(0)1(1)
31(0):15(1)7(1)3(1)1(1)
36(0):18(0)9(0)4(1)2(0)1(0)
37(1):18(1)9(0)4(1)2(0)1(0)
38(0):19(0)9(1)4(1)2(0)1(0)
39(1):19(1)9(1)4(1)2(0)1(0)
52(1):26(0)13(0)6(1)3(0)1(1)
53(0):26(1)13(0)6(1)3(0)1(1)
61(0):30(1)15(0)7(1)3(1)1(1)
120(1):60(0)30(0)15(0)7(1)3(1)1(1)
242(1):121(0)60(1)30(0)15(0)7(1)3(1)1(1)
243(0):121(1)60(1)30(0)15(0)7(1)3(1)1(1)

14
1:6>94
2:16>0.000868216
3:12>0.989332
4:3>39.4103
5:18>0.531667
6:9>0.602576
7:18>0.496
8:13>-0.336053
9:5>-0.250895
11:4>18.1106
18:24>3.68e-18
22:25>0.0666667
23:16>-0.000229141
37:13>-0.00356163
15
10(0):5(0)2(1)1(0)
12(0):6(0)3(0)1(1)
13(1):6(1)3(0)1(1)
14(1):7(0)3(1)1(1)
15(0):7(1)3(1)1(1)
16(0):8(0)4(0)2(0)1(0)
17(1):8(1)4(0)2(0)1(0)
19(0):9(1)4(1)2(0)1(0)
36(1):18(0)9(0)4(1)2(0)1(0)
44(0):22(0)11(0)5(1)2(1)1(0)
45(1):22(1)11(0)5(1)2(1)1(0)
46(1):23(0)11(1)5(1)2(1)1(0)
47(0):23(1)11(1)5(1)2(1)1(0)
74(1):37(0)18(1)9(0)4(1)2(0)1(0)
75(0):37(1)18(1)9(0)4(1)2(0)1(0)

14
1:24>0.0174714
2:21>0.3675
3:22>0.6275
4:4>15.3121
5:18>0.285821
6:3>29.5829
7:22>0.395
8:18>0.529167
10:7>17.2709
13:22>0.66
14:1>30.8933
17:14>0.352113
29:19>0.147292
34:27>0.0555556
15
9(0):4(1)2(0)1(0)
11(0):5(1)2(1)1(0)
12(0):6(0)3(0)1(1)
15(0):7(1)3(1)1(1)
16(0):8(0)4(0)2(0)1(0)
20(1):10(0)5(0)2(1)1(0)
21(0):10(1)5(0)2(1)1(0)
26(0):13(0)6(1)3(0)1(1)
27(1):13(1)6(1)3(0)1(1)
28(0):14(0)7(0)3(1)1(1)
35(1):17(1)8(1)4(0)2(0)1(0)
58(1):29(0)14(1)7(0)3(1)1(1)
59(1):29(1)14(1)7(0)3(1)1(1)
68(0):34(0)17(0)8(1)4(0)2(0)1(0)
69(1):34(1)17(0)8(1)4(0)2(0)1(0)

14
1:6>95
2:16>4.905e-05
3:0>27.9702
4:3>39.4103
5:7>18.3603
6:27>0.0611112
8:24>0.0768277
9:23>0.107407
10:26>0.0666667
11:9>0.0675411
19:20>0.60375
21:24>7.335e-18
39:5>-0.48182
43:12>2.46273
15
7(0):3(1)1(1)
12(0):6(0)3(0)1(1)
13(1):6(1)3(0)1(1)
16(1):8(0)4(0)2(0)1(0)
17(0):8(1)4(0)2(0)1(0)
18(0):9(0)4(1)2(0)1(0)
20(0):10(0)5(0)2(1)1(0)
22(0):11(0)5(1)2(1)1(0)
23(1):11(1)5(1)2(1)1(0)
38(0):19(0)9(1)4(1)2(0)1(0)
42(1):21(0)10(1)5(0)2(1)1(0)
78(1):39(0)19(1)9(1)4(1)2(0)1(0)
79(0):39(1)19(1)9(1)4(1)2(0)1(0)
86(1):43(0)21(1)10(1)5(0)2(1)1(0)
87(0):43(1)21(1)10(1)5(0)2(1)1(0)

15
1:26>0.0500001
3:21>0.3675
6:19>0.141809
7:12>0.199722
12:3>35.9834
13:2>15.0687
25:3>31.4476
26:15>-0.00576858
27:21>0.575
50:7>28.5345
54:8>0.0975661
55:12>2.65873
108:22>0.645
111:24>3.68e-18
223:12>0.259634
16
2(0):1(0)
14(0):7(0)3(1)1(1)
15(1):7(1)3(1)1(1)
24(0):12(0)6(0)3(0)1(1)
51(0):25(1)12(1)6(0)3(0)1(1)
52(1):26(0)13(0)6(1)3(0)1(1)
53(0):26(1)13(0)6(1)3(0)1(1)
100(0):50(0)25(0)12(1)6(0)3(0)1(1)
101(1):50(1)25(0)12(1)6(0)3(0)1(1)
109(0):54(1)27(0)13(1)6(1)3(0)1(1)
110(1):55(0)27(1)13(1)6(1)3(0)1(1)
216(0):108(0)54(0)27(0)13(1)6(1)3(0)1(1)
217(1):108(1)54(0)27(0)13(1)6(1)3(0)1(1)
222(1):111(0)55(1)27(1)13(1)6(1)3(0)1(1)
446(1):223(0)111(1)55(1)27(1)13(1)6(1)3(0)1(1)
447(0):223(1)111(1)55(1)27(1)13(1)6(1)3(0)1(1)

13
1:1>30.0365
2:12>0.125745
3:21>0.35
5:12>0.110217
6:17>0.666473
13:22>0.62875
26:10>0.00978486
27:5>-0.48182
54:20>0.4125
108:15>-0.00620829
109:5>3.01042
217:10>0.137026
218:19>0.0848307
14
4(0):2(0)1(0)
7(0):3(1)1(1)
10(1):5(0)2(1)1(0)
11(0):5(1)2(1)1(0)
12(0):6(0)3(0)1(1)
52(0):26(0)13(0)6(1)3(0)1(1)
53(1):26(1)13(0)6(1)3(0)1(1)
55(0):27(1)13(1)6(1)3(0)1(1)
216(1):108(0)54(0)27(0)13(1)6(1)3(0)1(1)
219(1):109(1)54(1)27(0)13(1)6(1)3(0)1(1)
434(1):217(0)108(1)54(0)27(0)13(1)6(1)3(0)1(1)
435(0):217(1)108(1)54(0)27(0)13(1)6(1)3(0)1(1)
436(0):218(0)109(0)54(1)27(0)13(1)6(1)3(0)1(1)
437(1):218(1)109(0)54(1)27(0)13(1)6(1)3(0)1(1)

12
1:7>15.5663
2:22>0.62875
3:16>0.000127793
4:2>4.58611
5:22>0.44375
6:10>0.0360895
10:1>30.0869
11:11>0.124026
12:14>0.213279
21:15>0.00155153
25:8>0.141939
42:21>0.45
13
7(0):3(1)1(1)
8(1):4(0)2(0)1(0)
9(0):4(1)2(0)1(0)
13(1):6(1)3(0)1(1)
20(0):10(0)5(0)2(1)1(0)
22(0):11(0)5(1)2(1)1(0)
23(1):11(1)5(1)2(1)1(0)
24(0):12(0)6(0)3(0)1(1)
43(1):21(1)10(1)5(0)2(1)1(0)
50(1):25(0)12(1)6(0)3(0)1(1)
51(0):25(1)12(1)6(0)3(0)1(1)
84(1):42(0)21(0)10(1)5(0)2(1)1(0)
85(0):42(1)21(0)10(1)5(0)2(1)1(0)

20
1:3>36.0333
2:9>0.449923
3:21>0.3675
4:10>0.188744
6:10>0.117755
7:27>0.0500001
8:14>0.351625
9:8>0.699261
12:18>0.556042
13:2>5.34206
15:3>33.2115
25:14>0.509947
26:15>-0.00707264
50:17>0.593384
52:17>0.0021995
53:14>0.239841
104:0>26.4583
105:21>0.545
106:17>0.0173761
209:9>0.056018
21
5(0):2(1)1(0)
14(0):7(0)3(1)1(1)
16(0):8(0)4(0)2(0)1(0)
17(1):8(1)4(0)2(0)1(0)
18(1):9(0)4(1)2(0)1(0)
19(0):9(1)4(1)2(0)1(0)
24(0):12(0)6(0)3(0)1(1)
27(0):13(1)6(1)3(0)1(1)
30(1):15(0)7(1)3(1)1(1)
31(0):15(1)7(1)3(1)1(1)
51(1):25(1)12(1)6(0)3(0)1(1)
100(0):50(0)25(0)12(1)6(0)3(0)1(1)
101(1):50(1)25(0)12(1)6(0)3(0)1(1)
107(0):53(1)26(1)13(0)6(1)3(0)1(1)
208(1):104(0)52(0)26(0)13(0)6(1)3(0)1(1)
210(0):105(0)52(1)26(0)13(0)6(1)3(0)1(1)
211(1):105(1)52(1)26(0)13(0)6(1)3(0)1(1)
212(0):106(0)53(0)26(1)13(0)6(1)3(0)1(1)
213(1):106(1)53(0)26(1)13(0)6(1)3(0)1(1)
418(1):209(0)104(1)52(0)26(0)13(0)6(1)3(0)1(1)
419(0):209(1)104(1)52(0)26(0)13(0)6(1)3(0)1(1)

14
1:21>0.355
2:6>75
3:14>0.0776012
4:1>30.0869
8:19>0.0687396
9:20>0.57
16:0>31.2461
19:15>-0.341066
38:0>25.4504
76:17>0.00340601
77:17>0.00775543
153:23>0.0513228
155:22>0.63
306:15>-0.00532878
15
5(0):2(1)1(0)
6(0):3(0)1(1)
7(1):3(1)1(1)
17(1):8(1)4(0)2(0)1(0)
18(0):9(0)4(1)2(0)1(0)
32(1):16(0)8(0)4(0)2(0)1(0)
33(0):16(1)8(0)4(0)2(0)1(0)
39(0):19(1)9(1)4(1)2(0)1(0)
152(1):76(0)38(0)19(0)9(1)4(1)2(0)1(0)
154(0):77(0)38(1)19(0)9(1)4(1)2(0)1(0)
307(1):153(1)76(1)38(0)19(0)9(1)4(1)2(0)1(0)
310(0):155(0)77(1)38(1)19(0)9(1)4(1)2(0)1(0)
311(1):155(1)77(1)38(1)19(0)9(1)4(1)2(0)1(0)
612(1):306(0)153(0)76(1)38(0)19(0)9(1)4(1)2(0)1(0)
613(0):306(1)153(0)76(1)38(0)19(0)9(1)4(1)2(0)1(0)

13
1:26>0.0500001
3:3>36.1345
6:11>0.662424
7:4>11.394
12:15>-0.93184
14:20>0.43125
15:13>-0.00215886
28:16>9.9855e-05
29:13>-0.0655854
56:23>0.0446465
57:24>0.0190103
59:5>-0.250895
115:15>-0.157431
14
2(0):1(0)
13(0):6(1)3(0)1(1)
24(1):12(0)6(0)3(0)1(1)
25(0):12(1)6(0)3(0)1(1)
30(1):15(0)7(1)3(1)1(1)
31(0):15(1)7(1)3(1)1(1)
58(1):29(0)14(1)7(0)3(1)1(1)
112(1):56(0)28(0)14(0)7(0)3(1)1(1)
113(0):56(1)28(0)14(0)7(0)3(1)1(1)
114(1):57(0)28(1)14(0)7(0)3(1)1(1)
118(1):59(0)29(1)14(1)7(0)3(1)1(1)
119(0):59(1)29(1)14(1)7(0)3(1)1(1)
230(0):115(0)57(1)28(1)14(0)7(0)3(1)1(1)
231(1):115(1)57(1)28(1)14(0)7(0)3(1)1(1)

16
1:26>0.0500001
3:3>36.1345
6:17>0.0474633
7:7>13.2749
13:7>29.1105
14:8>0.078856
15:2>18.5461
28:5>3.00941
30:20>0.3575
56:22>0.43625
57:17>0.638132
115:2>14.2119
230:14>0.106392
231:0>20.7131
462:3>28.3734
925:13>-0.0342044
17
2(0):1(0)
12(1):6(0)3(0)1(1)
26(1):13(0)6(1)3(0)1(1)
27(0):13(1)6(1)3(0)1(1)
29(0):14(1)7(0)3(1)1(1)
31(0):15(1)7(1)3(1)1(1)
60(0):30(0)15(0)7(1)3(1)1(1)
61(1):30(1)15(0)7(1)3(1)1(1)
112(0):56(0)28(0)14(0)7(0)3(1)1(1)
113(1):56(1)28(0)14(0)7(0)3(1)1(1)
114(0):57(0)28(1)14(0)7(0)3(1)1(1)
460(0):230(0)115(0)57(1)28(1)14(0)7(0)3(1)1(1)
461(1):230(1)115(0)57(1)28(1)14(0)7(0)3(1)1(1)
463(0):231(1)115(1)57(1)28(1)14(0)7(0)3(1)1(1)
924(1):462(0)231(0)115(1)57(1)28(1)14(0)7(0)3(1)1(1)
1850(1):925(0)462(1)231(0)115(1)57(1)28(1)14(0)7(0)3(1)1(1)
1851(0):925(1)462(1)231(0)115(1)57(1)28(1)14(0)7(0)3(1)1(1)

18
1:21>0.3675
2:0>26.9119
3:10>0.0310039
4:2>2.06627
5:24>0.0501227
6:22>0.4175
8:6>110.5
10:26>0.0555556
11:13>-0.0612876
12:14>0.322008
16:16>-0.00178707
17:11>0.179043
22:1>27.1135
23:27>0.0777777
33:12>0.486686
35:22>0.445
45:24>7.455e-18
90:22>0.5675
19
7(1):3(1)1(1)
9(0):4(1)2(0)1(0)
13(0):6(1)3(0)1(1)
20(0):10(0)5(0)2(1)1(0)
21(1):10(1)5(0)2(1)1(0)
24(0):12(0)6(0)3(0)1(1)
25(1):12(1)6(0)3(0)1(1)
32(1):16(0)8(0)4(0)2(0)1(0)
34(1):17(0)8(1)4(0)2(0)1(0)
44(0):22(0)11(0)5(1)2(1)1(0)
46(0):23(0)11(1)5(1)2(1)1(0)
47(1):23(1)11(1)5(1)2(1)1(0)
66(1):33(0)16(1)8(0)4(0)2(0)1(0)
67(0):33(1)16(1)8(0)4(0)2(0)1(0)
70(0):35(0)17(1)8(1)4(0)2(0)1(0)
71(1):35(1)17(1)8(1)4(0)2(0)1(0)
91(1):45(1)22(1)11(0)5(1)2(1)1(0)
180(0):90(0)45(0)22(1)11(0)5(1)2(1)1(0)
181(1):90(1)45(0)22(1)11(0)5(1)2(1)1(0)

12
1:1>29.8853
2:16>0.00408408
3:21>0.35
4:3>37.9992
5:15>-0.124651
6:2>3.88056
7:4>17.8239
11:7>22.4393
12:7>15.3521
13:22>0.5625
24:15>0.00155153
25:10>0.103669
13
8(0):4(0)2(0)1(0)
9(1):4(1)2(0)1(0)
10(0):5(0)2(1)1(0)
14(1):7(0)3(1)1(1)
15(0):7(1)3(1)1(1)
22(1):11(0)5(1)2(1)1(0)
23(0):11(1)5(1)2(1)1(0)
26(0):13(0)6(1)3(0)1(1)
27(1):13(1)6(1)3(0)1(1)
48(0):24(0)12(0)6(0)3(0)1(1)
49(1):24(1)12(0)6(0)3(0)1(1)
50(0):25(0)12(1)6(0)3(0)1(1)
51(1):25(1)12(1)6(0)3(0)1(1)

15
1:26>0.0500001
3:2>5.09008
6:2>12.5488
7:12>1.09622
12:6>427.5
13:4>15.3598
15:17>0.0498248
25:15>-0.00392247
26:18>0.556042
31:13>-0.377187
50:19>0.113487
52:19>0.0797638
53:11>3.20528
62:3>32.506
125:20>0.295
16
2(0):1(0)
14(1):7(0)3(1)1(1)
24(1):12(0)6(0)3(0)1(1)
27(0):13(1)6(1)3(0)1(1)
30(1):15(0)7(1)3(1)1(1)
51(0):25(1)12(1)6(0)3(0)1(1)
63(1):31(1)15(1)7(1)3(1)1(1)
100(0):50(0)25(0)12(1)6(0)3(0)1(1)
101(1):50(1)25(0)12(1)6(0)3(0)1(1)
104(0):52(0)26(0)13(0)6(1)3(0)1(1)
105(1):52(1)26(0)13(0)6(1)3(0)1(1)
106(0):53(0)26(1)13(0)6(1)3(0)1(1)
107(1):53(1)26(1)13(0)6(1)3(0)1(1)
124(0):62(0)31(0)15(1)7(1)3(1)1(1)
250(0):125(0)62(1)31(0)15(1)7(1)3(1)1(1)
251(1):125(1)62(1)31(0)15(1)7(1)3(1)1(1)

12
1:4>15.5061
2:3>39.3599
3:9>0.0686122
5:27>0.0611112
6:8>0.0962948
7:24>0.0096225
11:21>0.5725
13:23>0.0454545
22:13>-0.00134115
23:15>0.00155153
44:17>0.0076447
46:17>0.00431805
13
4(0):2(0)1(0)
10(0):5(0)2(1)1(0)
12(0):6(0)3(0)1(1)
14(0):7(0)3(1)1(1)
15(1):7(1)3(1)1(1)
26(0):13(0)6(1)3(0)1(1)
27(1):13(1)6(1)3(0)1(1)
45(0):22(1)11(0)5(1)2(1)1(0)
47(1):23(1)11(1)5(1)2(1)1(0)
88(0):44(0)22(0)11(0)5(1)2(1)1(0)
89(1):44(1)22(0)11(0)5(1)2(1)1(0)
92(0):46(0)23(0)11(1)5(1)2(1)1(0)
93(1):46(1)23(0)11(1)5(1)2(1)1(0)

16
1:4>15.5102
2:27>0.0666667
3:18>0.561006
4:0>31.1286
5:0>26.9623
7:4>5.29404
8:27>0.0833334
10:1>30.4397
11:2>5.74524
14:9>0.0858347
21:12>0.0940915
22:20>0.60375
23:13>-0.134214
29:7>13.9147
42:5>-0.257195
58:6>121
17
6(1):3(0)1(1)
9(0):4(1)2(0)1(0)
15(1):7(1)3(1)1(1)
16(1):8(0)4(0)2(0)1(0)
17(0):8(1)4(0)2(0)1(0)
20(0):10(0)5(0)2(1)1(0)
28(0):14(0)7(0)3(1)1(1)
43(0):21(1)10(1)5(0)2(1)1(0)
44(0):22(0)11(0)5(1)2(1)1(0)
45(1):22(1)11(0)5(1)2(1)1(0)
46(0):23(0)11(1)5(1)2(1)1(0)
47(1):23(1)11(1)5(1)2(1)1(0)
59(0):29(1)14(1)7(0)3(1)1(1)
84(1):42(0)21(0)10(1)5(0)2(1)1(0)
85(0):42(1)21(0)10(1)5(0)2(1)1(0)
116(0):58(0)29(0)14(1)7(0)3(1)1(1)
117(1):58(1)29(0)14(1)7(0)3(1)1(1)

14
1:1>30.0365
2:3>31.75
3:3>36.1849
6:17>0.0313041
7:2>1.31032
14:17>0.190265
29:6>103
58:3>29.7845
59:17>0.0155382
117:3>29.5829
118:14>0.341565
119:19>0.0380964
235:21>0.33
470:16>0.0030376
15
4(0):2(0)1(0)
5(1):2(1)1(0)
12(1):6(0)3(0)1(1)
13(0):6(1)3(0)1(1)
15(0):7(1)3(1)1(1)
28(0):14(0)7(0)3(1)1(1)
116(1):58(0)29(0)14(1)7(0)3(1)1(1)
234(0):117(0)58(1)29(0)14(1)7(0)3(1)1(1)
236(0):118(0)59(0)29(1)14(1)7(0)3(1)1(1)
237(1):118(1)59(0)29(1)14(1)7(0)3(1)1(1)
238(1):119(0)59(1)29(1)14(1)7(0)3(1)1(1)
239(0):119(1)59(1)29(1)14(1)7(0)3(1)1(1)
471(0):235(1)117(1)58(1)29(0)14(1)7(0)3(1)1(1)
940(0):470(0)235(0)117(1)58(1)29(0)14(1)7(0)3(1)1(1)
941(1):470(1)235(0)117(1)58(1)29(0)14(1)7(0)3(1)1(1)

9
1:26>0.0555556
3:1>30.0869
6:9>0.0858347
7:0>26.9119
13:13>0.000786645
14:20>0.22875
15:4>19.2532
30:15>-0.0745327
61:21>0.55
10
2(0):1(0)
12(0):6(0)3(0)1(1)
26(1):13(0)6(1)3(0)1(1)
27(0):13(1)6(1)3(0)1(1)
28(1):14(0)7(0)3(1)1(1)
29(0):14(1)7(0)3(1)1(1)
31(1):15(1)7(1)3(1)1(1)
60(0):30(0)15(0)7(1)3(1)1(1)
122(0):61(0)30(1)15(0)7(1)3(1)1(1)
123(1):61(1)30(1)15(0)7(1)3(1)1(1)

9
1:1>30.0365
3:20>0.179534
6:17>0.666473
13:22>0.62375
26:17>0.0512474
27:2>15.0687
54:15>-0.00449827
55:4>19.6529
111:21>0.4025
10
2(0):1(0)
7(0):3(1)1(1)
12(0):6(0)3(0)1(1)
52(1):26(0)13(0)6(1)3(0)1(1)
53(0):26(1)13(0)6(1)3(0)1(1)
108(1):54(0)27(0)13(1)6(1)3(0)1(1)
109(0):54(1)27(0)13(1)6(1)3(0)1(1)
110(1):55(0)27(1)13(1)6(1)3(0)1(1)
222(1):111(0)55(1)27(1)13(1)6(1)3(0)1(1)
223(1):111(1)55(1)27(1)13(1)6(1)3(0)1(1)

16
1:6>124.5
2:25>0.0555556
3:0>27.9702
5:20>0.47375
6:11>0.253101
7:21>0.425
10:11>0.230201
11:22>0.6175
13:19>0.114488
14:23>0.0616667
21:19>0.0927032
27:18>0.35825
29:23>0.0503968
59:1>27.3655
118:18>0.401494
119:19>0.143437
17
4(0):2(0)1(0)
12(1):6(0)3(0)1(1)
15(0):7(1)3(1)1(1)
20(1):10(0)5(0)2(1)1(0)
22(0):11(0)5(1)2(1)1(0)
23(1):11(1)5(1)2(1)1(0)
26(1):13(0)6(1)3(0)1(1)
28(0):14(0)7(0)3(1)1(1)
42(0):21(0)10(1)5(0)2(1)1(0)
43(1):21(1)10(1)5(0)2(1)1(0)
54(1):27(0)13(1)6(1)3(0)1(1)
55(0):27(1)13(1)6(1)3(0)1(1)
58(1):29(0)14(1)7(0)3(1)1(1)
236(0):118(0)59(0)29(1)14(1)7(0)3(1)1(1)
237(1):118(1)59(0)29(1)14(1)7(0)3(1)1(1)
238(0):119(0)59(1)29(1)14(1)7(0)3(1)1(1)
239(1):119(1)59(1)29(1)14(1)7(0)3(1)1(1)

11
1:22>0.39375
2:18>0.481375
4:11>0.0653441
5:7>16.0547
8:24>0.0470927
9:13>0.0155345
10:0>23.1321
11:14>0.0596424
20:19>0.0635298
40:1>37.479
41:23>0.0481482
12
3(0):1(1)
16(1):8(0)4(0)2(0)1(0)
17(0):8(1)4(0)2(0)1(0)
18(1):9(0)4(1)2(0)1(0)
19(0):9(1)4(1)2(0)1(0)
21(0):10(1)5(0)2(1)1(0)
22(0):11(0)5(1)2(1)1(0)
23(1):11(1)5(1)2(1)1(0)
80(0):40(0)20(0)10(0)5(0)2(1)1(0)
81(1):40(1)20(0)10(0)5(0)2(1)1(0)
82(1):41(0)20(1)10(0)5(0)2(1)1(0)
83(0):41(1)20(1)10(0)5(0)2(1)1(0)

16
1:6>94.5
2:0>23.4345
3:20>0.34875
4:1>30.5909
5:5>2.62756
6:9>0.602576
9:18>0.574365
13:17>0.00760894
18:20>0.575
19:18>0.299393
26:16>0.00599281
27:18>0.496
38:17>0.00340601
55:15>-0.00606017
77:3>29.6837
155:16>-0.00117802
17
7(0):3(1)1(1)
8(0):4(0)2(0)1(0)
10(0):5(0)2(1)1(0)
11(1):5(1)2(1)1(0)
12(0):6(0)3(0)1(1)
36(0):18(0)9(0)4(1)2(0)1(0)
37(1):18(1)9(0)4(1)2(0)1(0)
39(0):19(1)9(1)4(1)2(0)1(0)
52(0):26(0)13(0)6(1)3(0)1(1)
53(1):26(1)13(0)6(1)3(0)1(1)
54(1):27(0)13(1)6(1)3(0)1(1)
76(1):38(0)19(0)9(1)4(1)2(0)1(0)
110(1):55(0)27(1)13(1)6(1)3(0)1(1)
111(0):55(1)27(1)13(1)6(1)3(0)1(1)
154(1):77(0)38(1)19(0)9(1)4(1)2(0)1(0)
310(1):155(0)77(1)38(1)19(0)9(1)4(1)2(0)1(0)
311(0):155(1)77(1)38(1)19(0)9(1)4(1)2(0)1(0)

12
1:3>37.8984
2:10>0.119811
3:20>0.28375
5:24>0.0968219
6:22>0.62875
12:12>0.213641
13:0>22.729
26:4>13.8924
27:7>14.5039
52:5>-0.21145
53:21>0.435
107:3>31.6492
13
4(0):2(0)1(0)
7(0):3(1)1(1)
10(1):5(0)2(1)1(0)
11(0):5(1)2(1)1(0)
24(1):12(0)6(0)3(0)1(1)
25(0):12(1)6(0)3(0)1(1)
54(1):27(0)13(1)6(1)3(0)1(1)
55(0):27(1)13(1)6(1)3(0)1(1)
104(1):52(0)26(0)13(0)6(1)3(0)1(1)
105(0):52(1)26(0)13(0)6(1)3(0)1(1)
106(0):53(0)26(1)13(0)6(1)3(0)1(1)
214(0):107(0)53(1)26(1)13(0)6(1)3(0)1(1)
215(1):107(1)53(1)26(1)13(0)6(1)3(0)1(1)

16
1:19>0.0696808
2:1>30.0869
3:3>32.3547
4:12>0.128464
5:20>0.525
6:19>0.051498
7:20>0.3625
9:24>0.0047378
10:6>130.5
11:2>3.1246
12:16>-0.00190064
22:4>16.0451
24:24>0.0258707
44:3>30.2885
45:14>0.156961
89:12>0.293488
17
8(0):4(0)2(0)1(0)
13(0):6(1)3(0)1(1)
14(1):7(0)3(1)1(1)
15(0):7(1)3(1)1(1)
18(0):9(0)4(1)2(0)1(0)
19(1):9(1)4(1)2(0)1(0)
20(0):10(0)5(0)2(1)1(0)
21(1):10(1)5(0)2(1)1(0)
23(0):11(1)5(1)2(1)1(0)
25(0):12(1)6(0)3(0)1(1)
48(0):24(0)12(0)6(0)3(0)1(1)
49(1):24(1)12(0)6(0)3(0)1(1)
88(1):44(0)22(0)11(0)5(1)2(1)1(0)
90(0):45(0)22(1)11(0)5(1)2(1)1(0)
91(1):45(1)22(1)11(0)5(1)2(1)1(0)
178(0):89(0)44(1)22(0)11(0)5(1)2(1)1(0)
179(1):89(1)44(1)22(0)11(0)5(1)2(1)1(0)

17
1:23>0.0654321
2:13>-0.512266
3:24>3.5e-18
5:24>0.0774038
6:7>13.5455
7:20>0.53125
12:1>30.1373
13:14>0.0377974
15:17>-0.591598
25:22>0.645
30:20>0.25875
51:6>149.5
60:3>34.1187
102:14>0.244525
121:3>32.4556
204:4>22.9697
242:22>0.455
18
4(0):2(0)1(0)
10(1):5(0)2(1)1(0)
11(0):5(1)2(1)1(0)
14(1):7(0)3(1)1(1)
24(0):12(0)6(0)3(0)1(1)
26(0):13(0)6(1)3(0)1(1)
27(1):13(1)6(1)3(0)1(1)
31(1):15(1)7(1)3(1)1(1)
50(0):25(0)12(1)6(0)3(0)1(1)
61(1):30(1)15(0)7(1)3(1)1(1)
103(1):51(1)25(1)12(1)6(0)3(0)1(1)
120(0):60(0)30(0)15(0)7(1)3(1)1(1)
205(1):102(1)51(0)25(1)12(1)6(0)3(0)1(1)
243(0):121(1)60(1)30(0)15(0)7(1)3(1)1(1)
408(0):204(0)102(0)51(0)25(1)12(1)6(0)3(0)1(1)
409(1):204(1)102(0)51(0)25(1)12(1)6(0)3(0)1(1)
484(1):242(0)121(0)60(1)30(0)15(0)7(1)3(1)1(1)
485(0):242(1)121(0)60(1)30(0)15(0)7(1)3(1)1(1)

19
1:4>15.5102
2:10>0.174511
3:6>534
4:24>0.0174714
5:3>36.2353
7:22>0.415
8:19>0.0788253
9:5>2.8767
10:9>0.430011
11:22>0.615
14:22>0.445
16:21>0.455
19:24>3.71e-18
20:26>0.0777777
22:16>0.00136224
23:15>-0.413334
29:27>0.0805558
46:2>2.72143
93:24>3.68e-18
20
6(1):3(0)1(1)
15(0):7(1)3(1)1(1)
17(0):8(1)4(0)2(0)1(0)
18(0):9(0)4(1)2(0)1(0)
21(0):10(1)5(0)2(1)1(0)
28(0):14(0)7(0)3(1)1(1)
32(0):16(0)8(0)4(0)2(0)1(0)
33(1):16(1)8(0)4(0)2(0)1(0)
38(1):19(0)9(1)4(1)2(0)1(0)
39(0):19(1)9(1)4(1)2(0)1(0)
40(0):20(0)10(0)5(0)2(1)1(0)
41(1):20(1)10(0)5(0)2(1)1(0)
44(1):22(0)11(0)5(1)2(1)1(0)
45(0):22(1)11(0)5(1)2(1)1(0)
47(0):23(1)11(1)5(1)2(1)1(0)
58(0):29(0)14(1)7(0)3(1)1(1)
59(1):29(1)14(1)7(0)3(1)1(1)
92(1):46(0)23(0)11(1)5(1)2(1)1(0)
186(1):93(0)46(1)23(0)11(1)5(1)2(1)1(0)
187(0):93(1)46(1)23(0)11(1)5(1)2(1)1(0)

13
1:27>0.0638889
3:1>30.2885
6:15>-0.00443612
7:5>2.97454
12:22>0.415
14:11>0.0985112
15:5>-0.31659
28:24>0.0241127
30:5>2.91906
60:12>1.30304
61:12>0.100941
122:0>22.0234
123:21>0.56
14
2(0):1(0)
13(0):6(1)3(0)1(1)
24(1):12(0)6(0)3(0)1(1)
25(0):12(1)6(0)3(0)1(1)
29(1):14(1)7(0)3(1)1(1)
31(0):15(1)7(1)3(1)1(1)
56(1):28(0)14(0)7(0)3(1)1(1)
57(0):28(1)14(0)7(0)3(1)1(1)
120(0):60(0)30(0)15(0)7(1)3(1)1(1)
121(1):60(1)30(0)15(0)7(1)3(1)1(1)
244(1):122(0)61(0)30(1)15(0)7(1)3(1)1(1)
245(0):122(1)61(0)30(1)15(0)7(1)3(1)1(1)
246(0):123(0)61(1)30(1)15(0)7(1)3(1)1(1)
247(1):123(1)61(1)30(1)15(0)7(1)3(1)1(1)

14
1:0>24.2913
2:18>0.285821
3:17>0.00291259
4:3>36.6385
7:0>22.1242
8:16>0.00142644
9:15>-0.00809866
14:18>0.593229
16:1>31.75
18:1>19.6044
19:9>0.128631
36:22>0.63125
38:1>30.1373
77:19>0.090083
15
5(0):2(1)1(0)
6(0):3(0)1(1)
15(0):7(1)3(1)1(1)
17(0):8(1)4(0)2(0)1(0)
28(0):14(0)7(0)3(1)1(1)
29(1):14(1)7(0)3(1)1(1)
32(0):16(0)8(0)4(0)2(0)1(0)
33(1):16(1)8(0)4(0)2(0)1(0)
37(0):18(1)9(0)4(1)2(0)1(0)
39(0):19(1)9(1)4(1)2(0)1(0)
72(0):36(0)18(0)9(0)4(1)2(0)1(0)
73(1):36(1)18(0)9(0)4(1)2(0)1(0)
76(0):38(0)19(0)9(1)4(1)2(0)1(0)
154(1):77(0)38(1)19(0)9(1)4(1)2(0)1(0)
155(0):77(1)38(1)19(0)9(1)4(1)2(0)1(0)

13
1:1>30.2719
2:12>0.199722
3:20>0.28375
5:3>36.3865
6:22>0.62875
11:11>0.101222
12:14>0.0394558
13:27>0.0666667
27:15>-0.449464
54:2>5.09008
55:20>0.3625
109:8>0.459496
218:22>0.5425
14
4(0):2(0)1(0)
7(0):3(1)1(1)
10(0):5(0)2(1)1(0)
22(1):11(0)5(1)2(1)1(0)
23(0):11(1)5(1)2(1)1(0)
24(0):12(0)6(0)3(0)1(1)
25(1):12(1)6(0)3(0)1(1)
26(0):13(0)6(1)3(0)1(1)
108(1):54(0)27(0)13(1)6(1)3(0)1(1)
110(0):55(0)27(1)13(1)6(1)3(0)1(1)
111(1):55(1)27(1)13(1)6(1)3(0)1(1)
219(0):109(1)54(1)27(0)13(1)6(1)3(0)1(1)
436(0):218(0)109(0)54(1)27(0)13(1)6(1)3(0)1(1)
437(1):218(1)109(0)54(1)27(0)13(1)6(1)3(0)1(1)

18
1:6>94.5
2:16>0.000676175
3:0>30.6164
4:0>23.8059
5:20>0.40125
7:14>0.213771
8:5>-0.250895
10:16>5.89995e-05
11:24>0.0190103
14:10>0.257405
15:27>0.0500001
16:2>1.96548
20:3>34.6226
22:18>0.313778
23:16>-0.00178707
28:15>-0.0217307
32:1>19.6044
47:4>14.6473
19
6(1):3(0)1(1)
9(0):4(1)2(0)1(0)
17(0):8(1)4(0)2(0)1(0)
21(0):10(1)5(0)2(1)1(0)
29(0):14(1)7(0)3(1)1(1)
30(0):15(0)7(1)3(1)1(1)
31(1):15(1)7(1)3(1)1(1)
33(1):16(1)8(0)4(0)2(0)1(0)
40(0):20(0)10(0)5(0)2(1)1(0)
41(1):20(1)10(0)5(0)2(1)1(0)
44(1):22(0)11(0)5(1)2(1)1(0)
45(0):22(1)11(0)5(1)2(1)1(0)
46(1):23(0)11(1)5(1)2(1)1(0)
56(1):28(0)14(0)7(0)3(1)1(1)
57(0):28(1)14(0)7(0)3(1)1(1)
64(1):32(0)16(0)8(0)4(0)2(0)1(0)
65(0):32(1)16(0)8(0)4(0)2(0)1(0)
94(1):47(0)23(1)11(1)5(1)2(1)1(0)
95(0):47(1)23(1)11(1)5(1)2(1)1(0)

13
1:27>0.0500001
2:0>31.8917
3:1>30.0365
4:27>0.0833334
6:1>30.5909
7:22>0.64
13:17>0.01025
15:17>0.189519
31:19>0.147202
62:20>0.40875
63:4>14.1461
126:9>0.0571489
127:14>0.0921013
14
5(0):2(1)1(0)
8(1):4(0)2(0)1(0)
9(0):4(1)2(0)1(0)
12(0):6(0)3(0)1(1)
14(0):7(0)3(1)1(1)
26(0):13(0)6(1)3(0)1(1)
27(1):13(1)6(1)3(0)1(1)
30(0):15(0)7(1)3(1)1(1)
124(1):62(0)31(0)15(1)7(1)3(1)1(1)
125(0):62(1)31(0)15(1)7(1)3(1)1(1)
252(1):126(0)63(0)31(1)15(1)7(1)3(1)1(1)
253(0):126(1)63(0)31(1)15(1)7(1)3(1)1(1)
254(0):127(0)63(1)31(1)15(1)7(1)3(1)1(1)
255(1):127(1)63(1)31(1)15(1)7(1)3(1)1(1)

14
1:22>0.365
2:21>0.515
4:2>6.80357
5:7>13.9002
8:11>0.110587
10:10>0.55627
11:9>0.0733685
17:16>0.00134015
20:27>0.0555556
21:27>0.0944443
43:20>0.45
87:10>0.111951
174:14>0.20374
349:7>20.5153
15
3(0):1(1)
9(0):4(1)2(0)1(0)
16(1):8(0)4(0)2(0)1(0)
22(0):11(0)5(1)2(1)1(0)
23(1):11(1)5(1)2(1)1(0)
34(1):17(0)8(1)4(0)2(0)1(0)
35(0):17(1)8(1)4(0)2(0)1(0)
40(0):20(0)10(0)5(0)2(1)1(0)
41(1):20(1)10(0)5(0)2(1)1(0)
42(0):21(0)10(1)5(0)2(1)1(0)
86(0):43(0)21(1)10(1)5(0)2(1)1(0)
175(1):87(1)43(1)21(1)10(1)5(0)2(1)1(0)
348(1):174(0)87(0)43(1)21(1)10(1)5(0)2(1)1(0)
698(1):349(0)174(1)87(0)43(1)21(1)10(1)5(0)2(1)1(0)
699(0):349(1)174(1)87(0)43(1)21(1)10(1)5(0)2(1)1(0)

13
1:0>27.4939
2:3>37.8207
3:19>0.105639
5:16>-0.00318278
6:1>28.6254
10:25>0.0722223
11:7>19.1065
13:23>0.0540171
21:22>0.665
27:18>0.5115
43:4>14.9993
86:5>-0.238
87:23>0.0481482
14
4(0):2(0)1(0)
7(0):3(1)1(1)
12(0):6(0)3(0)1(1)
20(0):10(0)5(0)2(1)1(0)
22(1):11(0)5(1)2(1)1(0)
23(0):11(1)5(1)2(1)1(0)
26(0):13(0)6(1)3(0)1(1)
42(0):21(0)10(1)5(0)2(1)1(0)
54(0):27(0)13(1)6(1)3(0)1(1)
55(1):27(1)13(1)6(1)3(0)1(1)
172(1):86(0)43(0)21(1)10(1)5(0)2(1)1(0)
173(0):86(1)43(0)21(1)10(1)5(0)2(1)1(0)
174(0):87(0)43(1)21(1)10(1)5(0)2(1)1(0)
175(1):87(1)43(1)21(1)10(1)5(0)2(1)1(0)

13
1:26>0.0555556
3:7>13.1129
6:6>102
7:16>0.0026362
12:19>0.147202
13:18>0.36075
15:8>0.0385177
24:13>-0.0765626
25:8>0.0638085
26:18>0.5115
48:1>23.4346
50:1>31.9012
53:15>-0.310329
14
2(0):1(0)
14(1):7(0)3(1)1(1)
27(0):13(1)6(1)3(0)1(1)
30(0):15(0)7(1)3(1)1(1)
31(1):15(1)7(1)3(1)1(1)
49(1):24(1)12(0)6(0)3(0)1(1)
51(0):25(1)12(1)6(0)3(0)1(1)
52(0):26(0)13(0)6(1)3(0)1(1)
96(0):48(0)24(0)12(0)6(0)3(0)1(1)
97(1):48(1)24(0)12(0)6(0)3(0)1(1)
100(0):50(0)25(0)12(1)6(0)3(0)1(1)
101(1):50(1)25(0)12(1)6(0)3(0)1(1)
106(1):53(0)26(1)13(0)6(1)3(0)1(1)
107(0):53(1)26(1)13(0)6(1)3(0)1(1)

11
1:18>0.349633
2:22>0.62875
4:14>0.0496919
5:5>-0.39257
10:4>14.1461
20:27>0.0611112
21:10>0.0252693
41:2>3.175
42:15>-0.00776181
82:24>3.68e-18
165:20>0.3825
12
3(0):1(1)
8(0):4(0)2(0)1(0)
9(1):4(1)2(0)1(0)
11(0):5(1)2(1)1(0)
40(0):20(0)10(0)5(0)2(1)1(0)
43(1):21(1)10(1)5(0)2(1)1(0)
83(0):41(1)20(1)10(0)5(0)2(1)1(0)
84(1):42(0)21(0)10(1)5(0)2(1)1(0)
85(0):42(1)21(0)10(1)5(0)2(1)1(0)
164(1):82(0)41(0)20(1)10(0)5(0)2(1)1(0)
330(0):165(0)82(1)41(0)20(1)10(0)5(0)2(1)1(0)
331(1):165(1)82(1)41(0)20(1)10(0)5(0)2(1)1(0)

15
1:19>0.0981985
2:7>15.5651
3:9>0.0851553
4:21>0.5675
5:20>0.395
6:1>29.4822
7:17>0.00845126
8:5>2.71821
9:5>-0.257195
10:10>0.0706547
13:21>0.267206
14:10>0.105068
15:20>0.2925
17:27>0.122222
26:13>-0.271841
16
11(0):5(1)2(1)1(0)
12(0):6(0)3(0)1(1)
16(0):8(0)4(0)2(0)1(0)
18(1):9(0)4(1)2(0)1(0)
19(0):9(1)4(1)2(0)1(0)
20(0):10(0)5(0)2(1)1(0)
21(1):10(1)5(0)2(1)1(0)
27(0):13(1)6(1)3(0)1(1)
28(1):14(0)7(0)3(1)1(1)
29(0):14(1)7(0)3(1)1(1)
30(1):15(0)7(1)3(1)1(1)
31(0):15(1)7(1)3(1)1(1)
34(0):17(0)8(1)4(0)2(0)1(0)
35(1):17(1)8(1)4(0)2(0)1(0)
52(1):26(0)13(0)6(1)3(0)1(1)
53(0):26(1)13(0)6(1)3(0)1(1)

17
1:0>27.0631
2:1>30.742
3:2>6.80357
4:3>36.2858
5:18>0.229505
6:7>14.3472
7:4>28.0405
9:15>-0.0696048
10:22>0.665
12:21>0.39
15:15>-0.435821
21:20>0.2275
31:26>0.0666667
42:8>0.255684
85:13>-0.0584248
170:24>0.0169289
340:2>15.0687
18
8(0):4(0)2(0)1(0)
11(0):5(1)2(1)1(0)
13(0):6(1)3(0)1(1)
14(1):7(0)3(1)1(1)
18(1):9(0)4(1)2(0)1(0)
19(0):9(1)4(1)2(0)1(0)
20(0):10(0)5(0)2(1)1(0)
24(1):12(0)6(0)3(0)1(1)
25(0):12(1)6(0)3(0)1(1)
30(0):15(0)7(1)3(1)1(1)
43(0):21(1)10(1)5(0)2(1)1(0)
62(0):31(0)15(1)7(1)3(1)1(1)
63(1):31(1)15(1)7(1)3(1)1(1)
84(1):42(0)21(0)10(1)5(0)2(1)1(0)
171(0):85(1)42(1)21(0)10(1)5(0)2(1)1(0)
341(1):170(1)85(0)42(1)21(0)10(1)5(0)2(1)1(0)
680(0):340(0)170(0)85(0)42(1)21(0)10(1)5(0)2(1)1(0)
681(1):340(1)170(0)85(0)42(1)21(0)10(1)5(0)2(1)1(0)

15
1:19>0.0632648
2:26>0.0666667
5:1>30.0365
10:5>3.10349
11:20>0.57875
23:17>0.190265
47:20>0.2275
94:19>0.149998
188:23>0.0524692
189:15>-0.534283
378:7>19.7572
757:21>0.4025
1514:15>-0.00809866
1515:21>0.395
3029:17>0.00462077
16
3(0):1(1)
4(0):2(0)1(0)
20(1):10(0)5(0)2(1)1(0)
21(0):10(1)5(0)2(1)1(0)
22(0):11(0)5(1)2(1)1(0)
46(0):23(0)11(1)5(1)2(1)1(0)
95(0):47(1)23(1)11(1)5(1)2(1)1(0)
376(1):188(0)94(0)47(0)23(1)11(1)5(1)2(1)1(0)
377(0):188(1)94(0)47(0)23(1)11(1)5(1)2(1)1(0)
379(0):189(1)94(1)47(0)23(1)11(1)5(1)2(1)1(0)
756(1):378(0)189(0)94(1)47(0)23(1)11(1)5(1)2(1)1(0)
3028(1):1514(0)757(0)378(1)189(0)94(1)47(0)23(1)11(1)5(1)2(1)1(0)
3030(0):1515(0)757(1)378(1)189(0)94(1)47(0)23(1)11(1)5(1)2(1)1(0)
3031(1):1515(1)757(1)378(1)189(0)94(1)47(0)23(1)11(1)5(1)2(1)1(0)
6058(1):3029(0)1514(1)757(0)378(1)189(0)94(1)47(0)23(1)11(1)5(1)2(1)1(0)
6059(0):3029(1)1514(1)757(0)378(1)189(0)94(1)47(0)23(1)11(1)5(1)2(1)1(0)

17
1:26>0.0500001
3:0>27.0631
6:5>3.01907
7:4>24.2584
13:1>30.4397
14:22>0.67
15:15>0.000179618
27:13>-0.240617
30:23>0.0587302
31:6>107
54:16>0.00110641
55:22>0.475
62:15>-0.00286939
108:17>0.00245455
125:8>0.201736
216:19>0.145435
250:23>0.0472223
18
2(0):1(0)
12(0):6(0)3(0)1(1)
26(0):13(0)6(1)3(0)1(1)
28(0):14(0)7(0)3(1)1(1)
29(1):14(1)7(0)3(1)1(1)
60(0):30(0)15(0)7(1)3(1)1(1)
61(1):30(1)15(0)7(1)3(1)1(1)
63(0):31(1)15(1)7(1)3(1)1(1)
109(1):54(1)27(0)13(1)6(1)3(0)1(1)
110(1):55(0)27(1)13(1)6(1)3(0)1(1)
111(0):55(1)27(1)13(1)6(1)3(0)1(1)
124(0):62(0)31(0)15(1)7(1)3(1)1(1)
217(0):108(1)54(0)27(0)13(1)6(1)3(0)1(1)
251(1):125(1)62(1)31(0)15(1)7(1)3(1)1(1)
432(1):216(0)108(0)54(0)27(0)13(1)6(1)3(0)1(1)
433(1):216(1)108(0)54(0)27(0)13(1)6(1)3(0)1(1)
500(0):250(0)125(0)62(1)31(0)15(1)7(1)3(1)1(1)
501(1):250(1)125(0)62(1)31(0)15(1)7(1)3(1)1(1)

14
1:7>16.1364
2:1>30.0869
3:8>0.117377
5:0>25.0472
6:20>0.545
7:13>0.000151456
10:27>0.0944444
11:12>0.19315
14:21>0.232778
21:8>0.0706053
22:17>0.006058
42:3>28.5246
44:16>-0.00481634
85:23>0.0469136
15
4(0):2(0)1(0)
12(1):6(0)3(0)1(1)
13(0):6(1)3(0)1(1)
15(0):7(1)3(1)1(1)
20(0):10(0)5(0)2(1)1(0)
23(0):11(1)5(1)2(1)1(0)
28(1):14(0)7(0)3(1)1(1)
29(0):14(1)7(0)3(1)1(1)
43(0):21(1)10(1)5(0)2(1)1(0)
45(1):22(1)11(0)5(1)2(1)1(0)
84(1):42(0)21(0)10(1)5(0)2(1)1(0)
88(0):44(0)22(0)11(0)5(1)2(1)1(0)
89(1):44(1)22(0)11(0)5(1)2(1)1(0)
170(0):85(0)42(1)21(0)10(1)5(0)2(1)1(0)
171(1):85(1)42(1)21(0)10(1)5(0)2(1)1(0)

13
1:1>30.0869
2:8>0.151521
3:22>0.62375
5:4>13.3381
6:14>0.0396809
7:25>0.0555556
15:5>-0.3059
30:2>2.31825
60:21>0.35
61:24>3.68e-18
120:12>0.185267
121:27>0.0611112
241:10>0.11363
14
4(0):2(0)1(0)
10(1):5(0)2(1)1(0)
11(0):5(1)2(1)1(0)
12(0):6(0)3(0)1(1)
13(1):6(1)3(0)1(1)
14(0):7(0)3(1)1(1)
31(0):15(1)7(1)3(1)1(1)
122(1):61(0)30(1)15(0)7(1)3(1)1(1)
123(0):61(1)30(1)15(0)7(1)3(1)1(1)
240(1):120(0)60(0)30(0)15(0)7(1)3(1)1(1)
242(0):121(0)60(1)30(0)15(0)7(1)3(1)1(1)
243(1):121(1)60(1)30(0)15(0)7(1)3(1)1(1)
482(0):241(0)120(1)60(0)30(0)15(0)7(1)3(1)1(1)
483(1):241(1)120(1)60(0)30(0)15(0)7(1)3(1)1(1)

13
1:0>25.4504
2:26>0.0555556
3:7>22.3458
5:0>30.9941
6:12>0.799424
7:5>2.67241
11:21>0.3675
15:27>0.0500001
22:1>28.1718
31:24>0.0158066
44:22>0.4925
89:7>14.1907
179:14>0.0833446
14
4(0):2(0)1(0)
10(1):5(0)2(1)1(0)
12(1):6(0)3(0)1(1)
13(0):6(1)3(0)1(1)
14(0):7(0)3(1)1(1)
23(0):11(1)5(1)2(1)1(0)
30(0):15(0)7(1)3(1)1(1)
45(1):22(1)11(0)5(1)2(1)1(0)
62(1):31(0)15(1)7(1)3(1)1(1)
63(0):31(1)15(1)7(1)3(1)1(1)
88(0):44(0)22(0)11(0)5(1)2(1)1(0)
178(1):89(0)44(1)22(0)11(0)5(1)2(1)1(0)
358(0):179(0)89(1)44(1)22(0)11(0)5(1)2(1)1(0)
359(1):179(1)89(1)44(1)22(0)11(0)5(1)2(1)1(0)

14
1:18>0.349861
2:2>6.04762
3:14>0.0835831
4:6>85.5
5:0>23.0817
8:4>15.2875
9:10>0.525583
10:5>-0.15352
16:9>0.0354346
17:13>-0.0015239
20:13>-0.0204381
32:18>0.5115
34:15>-0.00443612
64:18>0.519167
15
6(0):3(0)1(1)
7(1):3(1)1(1)
11(0):5(1)2(1)1(0)
18(1):9(0)4(1)2(0)1(0)
19(0):9(1)4(1)2(0)1(0)
21(0):10(1)5(0)2(1)1(0)
33(0):16(1)8(0)4(0)2(0)1(0)
35(0):17(1)8(1)4(0)2(0)1(0)
40(0):20(0)10(0)5(0)2(1)1(0)
41(1):20(1)10(0)5(0)2(1)1(0)
65(1):32(1)16(0)8(0)4(0)2(0)1(0)
68(1):34(0)17(0)8(1)4(0)2(0)1(0)
69(0):34(1)17(0)8(1)4(0)2(0)1(0)
128(1):64(0)32(0)16(0)8(0)4(0)2(0)1(0)
129(0):64(1)32(0)16(0)8(0)4(0)2(0)1(0)

