10
17
1:1>30.0365
2:12>0.205607
3:21>0.3675
5:22>0.45
6:12>0.0940915
7:13>0.0069908
11:13>0.000786645
12:19>0.146493
14:21>0.172778
24:8>0.143971
25:0>22.8298
49:19>0.171548
50:11>0.0450729
51:24>0.0083992
100:7>15.7975
101:23>0.0470588
201:23>0.0513228
18
4(0):2(0)1(0)
10(0):5(0)2(1)1(0)
13(0):6(1)3(0)1(1)
15(0):7(1)3(1)1(1)
22(1):11(0)5(1)2(1)1(0)
23(0):11(1)5(1)2(1)1(0)
28(1):14(0)7(0)3(1)1(1)
29(0):14(1)7(0)3(1)1(1)
48(0):24(0)12(0)6(0)3(0)1(1)
98(0):49(0)24(1)12(0)6(0)3(0)1(1)
99(1):49(1)24(1)12(0)6(0)3(0)1(1)
102(1):51(0)25(1)12(1)6(0)3(0)1(1)
103(0):51(1)25(1)12(1)6(0)3(0)1(1)
200(1):100(0)50(0)25(0)12(1)6(0)3(0)1(1)
202(0):101(0)50(1)25(0)12(1)6(0)3(0)1(1)
203(1):101(1)50(1)25(0)12(1)6(0)3(0)1(1)
402(0):201(0)100(1)50(0)25(0)12(1)6(0)3(0)1(1)
403(1):201(1)100(1)50(0)25(0)12(1)6(0)3(0)1(1)

16
1:1>30.2719
2:3>35.6809
3:23>0.0650794
5:24>0.0099381
7:20>0.445
14:19>0.127399
15:13>0.0311483
28:16>0.00271118
29:21>0.625
31:16>-0.00318278
56:23>0.0446465
62:0>22.3762
63:21>0.485
124:18>0.34725
248:15>-0.439527
496:5>-0.48182
17
4(0):2(0)1(0)
6(0):3(0)1(1)
10(1):5(0)2(1)1(0)
11(0):5(1)2(1)1(0)
30(0):15(0)7(1)3(1)1(1)
57(0):28(1)14(0)7(0)3(1)1(1)
58(0):29(0)14(1)7(0)3(1)1(1)
59(1):29(1)14(1)7(0)3(1)1(1)
112(1):56(0)28(0)14(0)7(0)3(1)1(1)
113(0):56(1)28(0)14(0)7(0)3(1)1(1)
125(0):62(1)31(0)15(1)7(1)3(1)1(1)
126(1):63(0)31(1)15(1)7(1)3(1)1(1)
127(0):63(1)31(1)15(1)7(1)3(1)1(1)
249(0):124(1)62(0)31(0)15(1)7(1)3(1)1(1)
497(0):248(1)124(0)62(0)31(0)15(1)7(1)3(1)1(1)
992(1):496(0)248(0)124(0)62(0)31(0)15(1)7(1)3(1)1(1)
993(0):496(1)248(0)124(0)62(0)31(0)15(1)7(1)3(1)1(1)

10
1:1>30.2885
3:4>15.4024
6:2>3.88056
7:9>0.0686122
12:23>0.0717461
13:22>0.5675
15:23>0.0504115
25:7>18.5813
27:22>0.46625
51:10>0.0681567
11
2(0):1(0)
14(0):7(0)3(1)1(1)
24(0):12(0)6(0)3(0)1(1)
26(0):13(0)6(1)3(0)1(1)
30(0):15(0)7(1)3(1)1(1)
31(1):15(1)7(1)3(1)1(1)
50(1):25(0)12(1)6(0)3(0)1(1)
54(1):27(0)13(1)6(1)3(0)1(1)
55(0):27(1)13(1)6(1)3(0)1(1)
102(1):51(0)25(1)12(1)6(0)3(0)1(1)
103(0):51(1)25(1)12(1)6(0)3(0)1(1)

17
1:6>93.5
2:13>-0.00401769
3:7>15.6071
4:20>0.575
5:7>18.3603
6:9>0.977522
9:25>0.0555556
10:22>0.615
11:14>0.254251
13:27>0.0666667
19:19>0.0604955
21:18>0.402222
22:5>2.71471
27:18>0.527889
38:14>0.18016
43:22>0.44375
76:18>0.440833
18
7(0):3(1)1(1)
8(0):4(0)2(0)1(0)
12(0):6(0)3(0)1(1)
18(0):9(0)4(1)2(0)1(0)
20(0):10(0)5(0)2(1)1(0)
23(0):11(1)5(1)2(1)1(0)
26(0):13(0)6(1)3(0)1(1)
39(0):19(1)9(1)4(1)2(0)1(0)
42(1):21(0)10(1)5(0)2(1)1(0)
44(0):22(0)11(0)5(1)2(1)1(0)
45(1):22(1)11(0)5(1)2(1)1(0)
54(0):27(0)13(1)6(1)3(0)1(1)
55(1):27(1)13(1)6(1)3(0)1(1)
77(1):38(1)19(0)9(1)4(1)2(0)1(0)
86(1):43(0)21(1)10(1)5(0)2(1)1(0)
87(0):43(1)21(1)10(1)5(0)2(1)1(0)
152(0):76(0)38(0)19(0)9(1)4(1)2(0)1(0)
153(1):76(1)38(0)19(0)9(1)4(1)2(0)1(0)

13
1:1>30.2719
2:14>0.209901
3:27>0.0500001
5:5>2.86443
7:19>0.147202
10:17>0.00760894
14:24>0.0152641
15:0>23.9888
30:18>0.574365
31:6>104
60:19>0.0797638
61:4>15.2875
123:19>0.119291
14
4(0):2(0)1(0)
6(0):3(0)1(1)
11(0):5(1)2(1)1(0)
20(1):10(0)5(0)2(1)1(0)
21(0):10(1)5(0)2(1)1(0)
28(1):14(0)7(0)3(1)1(1)
29(0):14(1)7(0)3(1)1(1)
62(0):31(0)15(1)7(1)3(1)1(1)
63(1):31(1)15(1)7(1)3(1)1(1)
120(0):60(0)30(0)15(0)7(1)3(1)1(1)
121(1):60(1)30(0)15(0)7(1)3(1)1(1)
122(1):61(0)30(1)15(0)7(1)3(1)1(1)
246(0):123(0)61(1)30(1)15(0)7(1)3(1)1(1)
247(1):123(1)61(1)30(1)15(0)7(1)3(1)1(1)

14
1:27>0.0500001
2:19>0.129898
3:1>30.2885
6:8>0.163014
7:21>0.5775
13:8>0.136223
14:2>5.94682
15:19>0.0709531
28:24>0.0124723
30:15>-0.534283
31:21>0.405
60:23>0.0513228
61:20>0.3625
120:24>0.0190103
15
4(1):2(0)1(0)
5(0):2(1)1(0)
12(0):6(0)3(0)1(1)
26(1):13(0)6(1)3(0)1(1)
27(0):13(1)6(1)3(0)1(1)
29(0):14(1)7(0)3(1)1(1)
56(0):28(0)14(0)7(0)3(1)1(1)
57(1):28(1)14(0)7(0)3(1)1(1)
62(1):31(0)15(1)7(1)3(1)1(1)
63(0):31(1)15(1)7(1)3(1)1(1)
121(1):60(1)30(0)15(0)7(1)3(1)1(1)
122(0):61(0)30(1)15(0)7(1)3(1)1(1)
123(1):61(1)30(1)15(0)7(1)3(1)1(1)
240(1):120(0)60(0)30(0)15(0)7(1)3(1)1(1)
241(0):120(1)60(0)30(0)15(0)7(1)3(1)1(1)

14
1:1>30.0869
2:8>0.14939
3:18>0.347361
5:13>0.000786645
6:20>0.575
7:27>0.0500001
13:0>22.0234
15:23>0.0492858
26:3>31.0949
53:7>24.1032
106:6>160
107:1>25.0472
214:13>-0.0015239
428:12>1.17779
15
4(0):2(0)1(0)
10(1):5(0)2(1)1(0)
11(0):5(1)2(1)1(0)
12(0):6(0)3(0)1(1)
14(0):7(0)3(1)1(1)
27(0):13(1)6(1)3(0)1(1)
30(0):15(0)7(1)3(1)1(1)
31(1):15(1)7(1)3(1)1(1)
52(1):26(0)13(0)6(1)3(0)1(1)
212(1):106(0)53(0)26(1)13(0)6(1)3(0)1(1)
213(0):106(1)53(0)26(1)13(0)6(1)3(0)1(1)
215(1):107(1)53(1)26(1)13(0)6(1)3(0)1(1)
429(0):214(1)107(0)53(1)26(1)13(0)6(1)3(0)1(1)
856(0):428(0)214(0)107(0)53(1)26(1)13(0)6(1)3(0)1(1)
857(1):428(1)214(0)107(0)53(1)26(1)13(0)6(1)3(0)1(1)

16
1:10>0.16819
2:19>0.0798244
3:15>-0.00392247
4:1>30.8933
6:22>0.565
7:1>29.7341
9:24>3.71e-18
12:7>28.35
13:20>0.177573
15:22>0.40875
18:9>1.04623
19:21>0.5325
26:5>-0.48182
30:6>93.5
60:17>0.00368532
121:24>0.0247857
17
5(0):2(1)1(0)
8(0):4(0)2(0)1(0)
14(0):7(0)3(1)1(1)
24(1):12(0)6(0)3(0)1(1)
25(0):12(1)6(0)3(0)1(1)
27(0):13(1)6(1)3(0)1(1)
31(0):15(1)7(1)3(1)1(1)
36(0):18(0)9(0)4(1)2(0)1(0)
37(1):18(1)9(0)4(1)2(0)1(0)
38(0):19(0)9(1)4(1)2(0)1(0)
39(1):19(1)9(1)4(1)2(0)1(0)
52(1):26(0)13(0)6(1)3(0)1(1)
53(0):26(1)13(0)6(1)3(0)1(1)
61(0):30(1)15(0)7(1)3(1)1(1)
120(1):60(0)30(0)15(0)7(1)3(1)1(1)
242(1):121(0)60(1)30(0)15(0)7(1)3(1)1(1)
243(0):121(1)60(1)30(0)15(0)7(1)3(1)1(1)

14
1:6>94
2:16>0.000868216
3:12>0.989332
4:3>39.4103
5:18>0.531667
6:9>0.602576
7:18>0.496
8:13>-0.336053
9:5>-0.250895
11:4>18.1106
18:24>3.68e-18
22:25>0.0666667
23:16>-0.000229141
37:13>-0.00356163
15
10(0):5(0)2(1)1(0)
12(0):6(0)3(0)1(1)
13(1):6(1)3(0)1(1)
14(1):7(0)3(1)1(1)
15(0):7(1)3(1)1(1)
16(0):8(0)4(0)2(0)1(0)
17(1):8(1)4(0)2(0)1(0)
19(0):9(1)4(1)2(0)1(0)
36(1):18(0)9(0)4(1)2(0)1(0)
44(0):22(0)11(0)5(1)2(1)1(0)
45(1):22(1)11(0)5(1)2(1)1(0)
46(1):23(0)11(1)5(1)2(1)1(0)
47(0):23(1)11(1)5(1)2(1)1(0)
74(1):37(0)18(1)9(0)4(1)2(0)1(0)
75(0):37(1)18(1)9(0)4(1)2(0)1(0)

14
1:24>0.0174714
2:21>0.3675
3:22>0.6275
4:4>15.3121
5:18>0.285821
6:3>29.5829
7:22>0.395
8:18>0.529167
10:7>17.2709
13:22>0.66
14:1>30.8933
17:14>0.352113
29:19>0.147292
34:27>0.0555556
15
9(0):4(1)2(0)1(0)
11(0):5(1)2(1)1(0)
12(0):6(0)3(0)1(1)
15(0):7(1)3(1)1(1)
16(0):8(0)4(0)2(0)1(0)
20(1):10(0)5(0)2(1)1(0)
21(0):10(1)5(0)2(1)1(0)
26(0):13(0)6(1)3(0)1(1)
27(1):13(1)6(1)3(0)1(1)
28(0):14(0)7(0)3(1)1(1)
35(1):17(1)8(1)4(0)2(0)1(0)
58(1):29(0)14(1)7(0)3(1)1(1)
59(1):29(1)14(1)7(0)3(1)1(1)
68(0):34(0)17(0)8(1)4(0)2(0)1(0)
69(1):34(1)17(0)8(1)4(0)2(0)1(0)

