10
8
1:0>27.7687
2:19>0.0779272
3:27>0.0500001
4:26>0.111111
5:10>0.0836983
7:14>0.121435
14:17>0.027612
28:0>25.2992
9
6(0):3(0)1(1)
8(0):4(0)2(0)1(0)
9(1):4(1)2(0)1(0)
10(0):5(0)2(1)1(0)
11(1):5(1)2(1)1(0)
15(0):7(1)3(1)1(1)
29(1):14(1)7(0)3(1)1(1)
56(1):28(0)14(0)7(0)3(1)1(1)
57(0):28(1)14(0)7(0)3(1)1(1)

9
1:3>34.5722
2:5>2.60447
3:19>0.0767297
4:11>0.195034
6:9>0.0387012
8:19>0.0763124
9:13>0.00126805
16:4>27.6369
33:18>0.355238
10
5(0):2(1)1(0)
7(0):3(1)1(1)
12(1):6(0)3(0)1(1)
13(0):6(1)3(0)1(1)
17(0):8(1)4(0)2(0)1(0)
18(1):9(0)4(1)2(0)1(0)
19(0):9(1)4(1)2(0)1(0)
32(0):16(0)8(0)4(0)2(0)1(0)
66(1):33(0)16(1)8(0)4(0)2(0)1(0)
67(0):33(1)16(1)8(0)4(0)2(0)1(0)

6
1:1>30.0869
3:5>2.60447
6:27>0.0777778
13:24>3.68e-18
26:21>0.555
27:22>0.435
7
2(0):1(0)
7(0):3(1)1(1)
12(0):6(0)3(0)1(1)
52(0):26(0)13(0)6(1)3(0)1(1)
53(1):26(1)13(0)6(1)3(0)1(1)
54(0):27(0)13(1)6(1)3(0)1(1)
55(1):27(1)13(1)6(1)3(0)1(1)

8
1:1>30.1877
3:5>2.68127
6:19>0.128048
7:15>0.00209191
12:11>0.134607
15:24>0.0403687
31:12>0.626332
62:19>0.0976181
9
2(0):1(0)
13(1):6(1)3(0)1(1)
14(1):7(0)3(1)1(1)
24(1):12(0)6(0)3(0)1(1)
25(0):12(1)6(0)3(0)1(1)
30(1):15(0)7(1)3(1)1(1)
63(0):31(1)15(1)7(1)3(1)1(1)
124(1):62(0)31(0)15(1)7(1)3(1)1(1)
125(0):62(1)31(0)15(1)7(1)3(1)1(1)

7
1:2>4.6365
2:23>0.0577381
3:11>0.30174
4:27>0.0555556
5:1>19.6044
10:9>0.707607
20:6>93.5
8
6(1):3(0)1(1)
7(0):3(1)1(1)
8(0):4(0)2(0)1(0)
9(1):4(1)2(0)1(0)
11(0):5(1)2(1)1(0)
21(1):10(1)5(0)2(1)1(0)
40(1):20(0)10(0)5(0)2(1)1(0)
41(0):20(1)10(0)5(0)2(1)1(0)

8
1:19>0.0741317
2:26>0.0777777
3:25>0.0555556
5:0>23.1825
7:20>0.365
10:10>0.229733
20:4>20.6178
21:9>0.0387012
9
4(0):2(0)1(0)
6(0):3(0)1(1)
11(0):5(1)2(1)1(0)
14(0):7(0)3(1)1(1)
15(1):7(1)3(1)1(1)
40(0):20(0)10(0)5(0)2(1)1(0)
41(1):20(1)10(0)5(0)2(1)1(0)
42(1):21(0)10(1)5(0)2(1)1(0)
43(1):21(1)10(1)5(0)2(1)1(0)

6
1:19>0.0806016
2:22>0.65
3:5>2.94773
5:7>12.3275
10:26>0.0777777
21:4>28.1714
7
4(0):2(0)1(0)
6(1):3(0)1(1)
7(0):3(1)1(1)
11(0):5(1)2(1)1(0)
20(0):10(0)5(0)2(1)1(0)
42(0):21(0)10(1)5(0)2(1)1(0)
43(1):21(1)10(1)5(0)2(1)1(0)

7
1:0>27.9198
2:26>0.0555556
3:4>22.1863
5:22>0.665
6:4>22.2729
7:24>0.0162559
15:3>36.8401
8
4(0):2(0)1(0)
10(0):5(0)2(1)1(0)
11(1):5(1)2(1)1(0)
12(0):6(0)3(0)1(1)
13(1):6(1)3(0)1(1)
14(0):7(0)3(1)1(1)
30(0):15(0)7(1)3(1)1(1)
31(1):15(1)7(1)3(1)1(1)

6
1:2>5.43853
2:27>0.0555556
3:1>30.1877
5:14>0.637774
7:8>0.302248
14:17>0.0399003
7
4(0):2(0)1(0)
6(0):3(0)1(1)
10(0):5(0)2(1)1(0)
11(1):5(1)2(1)1(0)
15(0):7(1)3(1)1(1)
28(0):14(0)7(0)3(1)1(1)
29(1):14(1)7(0)3(1)1(1)

5
1:26>0.0555556
3:21>0.56
6:23>0.0468687
7:3>39.0071
13:20>0.57875
6
2(0):1(0)
12(0):6(0)3(0)1(1)
14(0):7(0)3(1)1(1)
15(1):7(1)3(1)1(1)
26(0):13(0)6(1)3(0)1(1)
27(1):13(1)6(1)3(0)1(1)

