20
12
1:3>35.9329
2:9>0.0692966
3:18>0.517334
4:15>-0.100399
5:23>0.0562963
6:24>0.0114799
7:21>0.36
9:13>-0.101664
13:24>0.00211397
14:2>1.36072
28:2>3.93095
57:16>-0.00228545
13
8(0):4(0)2(0)1(0)
10(1):5(0)2(1)1(0)
11(0):5(1)2(1)1(0)
12(0):6(0)3(0)1(1)
15(0):7(1)3(1)1(1)
18(1):9(0)4(1)2(0)1(0)
19(0):9(1)4(1)2(0)1(0)
26(1):13(0)6(1)3(0)1(1)
27(0):13(1)6(1)3(0)1(1)
29(0):14(1)7(0)3(1)1(1)
56(1):28(0)14(0)7(0)3(1)1(1)
114(0):57(0)28(1)14(0)7(0)3(1)1(1)
115(1):57(1)28(1)14(0)7(0)3(1)1(1)

8
1:27>0.0500001
3:2>3.93095
6:8>1.58083
7:4>26.3828
13:22>0.605
26:5>2.73881
27:3>38.0496
54:12>0.832701
9
2(0):1(0)
12(0):6(0)3(0)1(1)
14(1):7(0)3(1)1(1)
15(0):7(1)3(1)1(1)
52(0):26(0)13(0)6(1)3(0)1(1)
53(1):26(1)13(0)6(1)3(0)1(1)
55(1):27(1)13(1)6(1)3(0)1(1)
108(1):54(0)27(0)13(1)6(1)3(0)1(1)
109(0):54(1)27(0)13(1)6(1)3(0)1(1)

8
1:1>30.3893
3:9>0.279179
7:22>0.595
15:6>103
30:18>0.453303
31:18>0.4365
63:14>0.137638
127:18>0.342361
9
2(0):1(0)
6(1):3(0)1(1)
14(0):7(0)3(1)1(1)
60(0):30(0)15(0)7(1)3(1)1(1)
61(1):30(1)15(0)7(1)3(1)1(1)
62(1):31(0)15(1)7(1)3(1)1(1)
126(0):63(0)31(1)15(1)7(1)3(1)1(1)
254(1):127(0)63(1)31(1)15(1)7(1)3(1)1(1)
255(0):127(1)63(1)31(1)15(1)7(1)3(1)1(1)

10
1:3>34.5218
2:10>0.066514
3:8>0.0607217
4:19>0.0731979
6:13>0.133906
7:20>0.38
8:21>0.57
17:22>0.475
34:5>-0.21365
68:18>0.399675
11
5(1):2(1)1(0)
9(0):4(1)2(0)1(0)
12(0):6(0)3(0)1(1)
13(1):6(1)3(0)1(1)
14(0):7(0)3(1)1(1)
15(1):7(1)3(1)1(1)
16(0):8(0)4(0)2(0)1(0)
35(1):17(1)8(1)4(0)2(0)1(0)
69(0):34(1)17(0)8(1)4(0)2(0)1(0)
136(1):68(0)34(0)17(0)8(1)4(0)2(0)1(0)
137(0):68(1)34(0)17(0)8(1)4(0)2(0)1(0)

10
1:27>0.0611112
3:3>36.0841
6:6>106.5
7:22>0.63625
12:22>0.58625
15:22>0.39375
30:7>14.3942
31:15>0.00115395
61:19>0.0759569
63:24>0.010541
11
2(0):1(0)
13(0):6(1)3(0)1(1)
14(0):7(0)3(1)1(1)
24(0):12(0)6(0)3(0)1(1)
25(1):12(1)6(0)3(0)1(1)
60(1):30(0)15(0)7(1)3(1)1(1)
62(0):31(0)15(1)7(1)3(1)1(1)
122(1):61(0)30(1)15(0)7(1)3(1)1(1)
123(0):61(1)30(1)15(0)7(1)3(1)1(1)
126(1):63(0)31(1)15(1)7(1)3(1)1(1)
127(0):63(1)31(1)15(1)7(1)3(1)1(1)

6
1:1>30.7925
3:26>0.0555556
7:9>0.276367
15:21>0.5375
30:13>0.00134611
31:6>101.5
7
2(0):1(0)
6(0):3(0)1(1)
14(1):7(0)3(1)1(1)
60(1):30(0)15(0)7(1)3(1)1(1)
61(0):30(1)15(0)7(1)3(1)1(1)
62(1):31(0)15(1)7(1)3(1)1(1)
63(0):31(1)15(1)7(1)3(1)1(1)

8
1:1>30.3893
3:19>0.0543785
6:22>0.63625
13:3>25.1984
26:2>3.93095
52:22>0.41
53:17>0.623814
105:23>0.0461112
9
2(0):1(0)
7(0):3(1)1(1)
12(0):6(0)3(0)1(1)
27(0):13(1)6(1)3(0)1(1)
104(1):52(0)26(0)13(0)6(1)3(0)1(1)
106(0):53(0)26(1)13(0)6(1)3(0)1(1)
107(1):53(1)26(1)13(0)6(1)3(0)1(1)
210(1):105(0)52(1)26(0)13(0)6(1)3(0)1(1)
211(0):105(1)52(1)26(0)13(0)6(1)3(0)1(1)

11
1:3>34.169
2:26>0.0555556
3:17>0.00336993
5:20>0.33625
7:21>0.5275
10:16>0.00050926
11:7>23.0686
20:1>31.9516
21:23>0.0485185
22:16>0.00339862
42:18>0.53275
12
4(0):2(0)1(0)
6(1):3(0)1(1)
14(0):7(0)3(1)1(1)
15(1):7(1)3(1)1(1)
23(0):11(1)5(1)2(1)1(0)
40(0):20(0)10(0)5(0)2(1)1(0)
41(1):20(1)10(0)5(0)2(1)1(0)
43(0):21(1)10(1)5(0)2(1)1(0)
44(1):22(0)11(0)5(1)2(1)1(0)
45(0):22(1)11(0)5(1)2(1)1(0)
84(0):42(0)21(0)10(1)5(0)2(1)1(0)
85(1):42(1)21(0)10(1)5(0)2(1)1(0)

9
1:19>0.0786737
2:26>0.0722223
3:6>112.5
5:0>25.3496
6:26>0.0722223
10:16>0.00411494
11:10>0.163574
20:2>5.39246
41:16>0.0168899
10
4(0):2(0)1(0)
7(0):3(1)1(1)
12(0):6(0)3(0)1(1)
13(1):6(1)3(0)1(1)
21(1):10(1)5(0)2(1)1(0)
22(1):11(0)5(1)2(1)1(0)
23(0):11(1)5(1)2(1)1(0)
40(1):20(0)10(0)5(0)2(1)1(0)
82(1):41(0)20(1)10(0)5(0)2(1)1(0)
83(0):41(1)20(1)10(0)5(0)2(1)1(0)

9
1:26>0.0555556
3:22>0.63625
7:11>0.298036
14:0>27.2647
15:1>32.2035
29:18>0.402232
31:3>25.2488
62:9>0.0584676
124:0>23.7369
10
2(0):1(0)
6(0):3(0)1(1)
28(1):14(0)7(0)3(1)1(1)
30(0):15(0)7(1)3(1)1(1)
58(1):29(0)14(1)7(0)3(1)1(1)
59(0):29(1)14(1)7(0)3(1)1(1)
63(0):31(1)15(1)7(1)3(1)1(1)
125(1):62(1)31(0)15(1)7(1)3(1)1(1)
248(1):124(0)62(0)31(0)15(1)7(1)3(1)1(1)
249(0):124(1)62(0)31(0)15(1)7(1)3(1)1(1)

8
1:1>30.4898
3:18>0.514444
6:12>0.476575
7:20>0.21875
14:2>3.93095
28:19>0.0705121
29:18>0.442209
57:23>0.0481482
9
2(0):1(0)
12(1):6(0)3(0)1(1)
13(0):6(1)3(0)1(1)
15(0):7(1)3(1)1(1)
56(1):28(0)14(0)7(0)3(1)1(1)
58(0):29(0)14(1)7(0)3(1)1(1)
59(1):29(1)14(1)7(0)3(1)1(1)
114(1):57(0)28(1)14(0)7(0)3(1)1(1)
115(0):57(1)28(1)14(0)7(0)3(1)1(1)

9
1:5>2.72009
2:5>2.93135
3:3>34.7738
4:0>29.4419
5:19>0.0628348
7:9>0.0567648
9:24>0.0218235
10:11>0.0515243
20:12>0.131982
10
6(0):3(0)1(1)
8(1):4(0)2(0)1(0)
11(0):5(1)2(1)1(0)
14(1):7(0)3(1)1(1)
15(0):7(1)3(1)1(1)
18(1):9(0)4(1)2(0)1(0)
19(0):9(1)4(1)2(0)1(0)
21(0):10(1)5(0)2(1)1(0)
40(1):20(0)10(0)5(0)2(1)1(0)
41(0):20(1)10(0)5(0)2(1)1(0)

8
1:3>36.0337
2:16>0.00400021
3:2>3.93095
4:17>0.294588
6:4>13.5769
7:18>0.442209
12:0>22.2754
24:11>2.05405
9
5(0):2(1)1(0)
8(1):4(0)2(0)1(0)
9(0):4(1)2(0)1(0)
13(0):6(1)3(0)1(1)
14(0):7(0)3(1)1(1)
15(1):7(1)3(1)1(1)
25(0):12(1)6(0)3(0)1(1)
48(0):24(0)12(0)6(0)3(0)1(1)
49(1):24(1)12(0)6(0)3(0)1(1)

11
1:5>2.72009
2:0>25.6016
3:3>34.7738
4:25>0.0527778
5:15>-0.00369862
7:4>13.4251
9:19>0.0529529
11:16>-0.0034281
18:19>0.129755
36:12>0.569966
72:18>0.385714
12
6(0):3(0)1(1)
8(0):4(0)2(0)1(0)
10(0):5(0)2(1)1(0)
14(1):7(0)3(1)1(1)
15(0):7(1)3(1)1(1)
19(0):9(1)4(1)2(0)1(0)
22(1):11(0)5(1)2(1)1(0)
23(0):11(1)5(1)2(1)1(0)
37(1):18(1)9(0)4(1)2(0)1(0)
73(1):36(1)18(0)9(0)4(1)2(0)1(0)
144(1):72(0)36(0)18(0)9(0)4(1)2(0)1(0)
145(0):72(1)36(0)18(0)9(0)4(1)2(0)1(0)

8
1:5>2.57167
2:19>0.0687725
4:18>0.517125
5:22>0.57875
8:0>25.5512
9:7>13.9161
18:1>20.7131
37:17>0.00565382
9
3(0):1(1)
10(1):5(0)2(1)1(0)
11(0):5(1)2(1)1(0)
16(1):8(0)4(0)2(0)1(0)
17(0):8(1)4(0)2(0)1(0)
19(0):9(1)4(1)2(0)1(0)
36(1):18(0)9(0)4(1)2(0)1(0)
74(0):37(0)18(1)9(0)4(1)2(0)1(0)
75(1):37(1)18(1)9(0)4(1)2(0)1(0)

7
1:27>0.0611112
3:0>25.6016
6:22>0.69
7:0>25.3496
13:21>0.36
14:12>0.310635
27:5>2.85042
8
2(0):1(0)
12(0):6(0)3(0)1(1)
15(0):7(1)3(1)1(1)
26(1):13(0)6(1)3(0)1(1)
28(0):14(0)7(0)3(1)1(1)
29(1):14(1)7(0)3(1)1(1)
54(1):27(0)13(1)6(1)3(0)1(1)
55(0):27(1)13(1)6(1)3(0)1(1)

8
1:1>30.3893
3:19>0.0543785
6:6>143
12:21>0.55
13:19>0.146584
24:22>0.64
25:19>0.141526
26:9>1.12677
9
2(0):1(0)
7(0):3(1)1(1)
27(1):13(1)6(1)3(0)1(1)
48(0):24(0)12(0)6(0)3(0)1(1)
49(1):24(1)12(0)6(0)3(0)1(1)
50(0):25(0)12(1)6(0)3(0)1(1)
51(1):25(1)12(1)6(0)3(0)1(1)
52(0):26(0)13(0)6(1)3(0)1(1)
53(1):26(1)13(0)6(1)3(0)1(1)

5
1:1>30.2381
3:22>0.37
6:18>0.526334
12:0>25.5008
24:22>0.685
6
2(0):1(0)
7(0):3(1)1(1)
13(1):6(1)3(0)1(1)
25(0):12(1)6(0)3(0)1(1)
48(0):24(0)12(0)6(0)3(0)1(1)
49(1):24(1)12(0)6(0)3(0)1(1)

10
1:3>34.2195
2:16>0.0151866
3:3>25.2488
5:22>0.44
6:22>0.63625
10:21>0.4625
13:0>25.2992
20:9>0.129127
21:27>0.105556
41:18>0.53275
11
4(1):2(0)1(0)
7(0):3(1)1(1)
11(0):5(1)2(1)1(0)
12(0):6(0)3(0)1(1)
26(1):13(0)6(1)3(0)1(1)
27(0):13(1)6(1)3(0)1(1)
40(0):20(0)10(0)5(0)2(1)1(0)
42(0):21(0)10(1)5(0)2(1)1(0)
43(1):21(1)10(1)5(0)2(1)1(0)
82(0):41(0)20(1)10(0)5(0)2(1)1(0)
83(1):41(1)20(1)10(0)5(0)2(1)1(0)

7
1:27>0.0611112
3:24>7.335e-18
6:1>30.3893
7:3>31.4476
13:0>25.6016
27:2>7.10595
54:18>0.540875
8
2(0):1(0)
12(0):6(0)3(0)1(1)
14(0):7(0)3(1)1(1)
15(1):7(1)3(1)1(1)
26(1):13(0)6(1)3(0)1(1)
55(0):27(1)13(1)6(1)3(0)1(1)
108(0):54(0)27(0)13(1)6(1)3(0)1(1)
109(1):54(1)27(0)13(1)6(1)3(0)1(1)

