50
8
1:0>27.7687
2:19>0.0779272
3:27>0.0500001
4:26>0.111111
5:10>0.0836983
7:14>0.121435
14:17>0.027612
28:0>25.2992
9
6(0):3(0)1(1)
8(0):4(0)2(0)1(0)
9(1):4(1)2(0)1(0)
10(0):5(0)2(1)1(0)
11(1):5(1)2(1)1(0)
15(0):7(1)3(1)1(1)
29(1):14(1)7(0)3(1)1(1)
56(1):28(0)14(0)7(0)3(1)1(1)
57(0):28(1)14(0)7(0)3(1)1(1)

9
1:3>34.5722
2:5>2.60447
3:19>0.0767297
4:11>0.195034
6:9>0.0387012
8:19>0.0763124
9:13>0.00126805
16:4>27.6369
33:18>0.355238
10
5(0):2(1)1(0)
7(0):3(1)1(1)
12(1):6(0)3(0)1(1)
13(0):6(1)3(0)1(1)
17(0):8(1)4(0)2(0)1(0)
18(1):9(0)4(1)2(0)1(0)
19(0):9(1)4(1)2(0)1(0)
32(0):16(0)8(0)4(0)2(0)1(0)
66(1):33(0)16(1)8(0)4(0)2(0)1(0)
67(0):33(1)16(1)8(0)4(0)2(0)1(0)

6
1:1>30.0869
3:5>2.60447
6:27>0.0777778
13:24>3.68e-18
26:21>0.555
27:22>0.435
7
2(0):1(0)
7(0):3(1)1(1)
12(0):6(0)3(0)1(1)
52(0):26(0)13(0)6(1)3(0)1(1)
53(1):26(1)13(0)6(1)3(0)1(1)
54(0):27(0)13(1)6(1)3(0)1(1)
55(1):27(1)13(1)6(1)3(0)1(1)

8
1:1>30.1877
3:5>2.68127
6:19>0.128048
7:15>0.00209191
12:11>0.134607
15:24>0.0403687
31:12>0.626332
62:19>0.0976181
9
2(0):1(0)
13(1):6(1)3(0)1(1)
14(1):7(0)3(1)1(1)
24(1):12(0)6(0)3(0)1(1)
25(0):12(1)6(0)3(0)1(1)
30(1):15(0)7(1)3(1)1(1)
63(0):31(1)15(1)7(1)3(1)1(1)
124(1):62(0)31(0)15(1)7(1)3(1)1(1)
125(0):62(1)31(0)15(1)7(1)3(1)1(1)

7
1:2>4.6365
2:23>0.0577381
3:11>0.30174
4:27>0.0555556
5:1>19.6044
10:9>0.707607
20:6>93.5
8
6(1):3(0)1(1)
7(0):3(1)1(1)
8(0):4(0)2(0)1(0)
9(1):4(1)2(0)1(0)
11(0):5(1)2(1)1(0)
21(1):10(1)5(0)2(1)1(0)
40(1):20(0)10(0)5(0)2(1)1(0)
41(0):20(1)10(0)5(0)2(1)1(0)

8
1:19>0.0741317
2:26>0.0777777
3:25>0.0555556
5:0>23.1825
7:20>0.365
10:10>0.229733
20:4>20.6178
21:9>0.0387012
9
4(0):2(0)1(0)
6(0):3(0)1(1)
11(0):5(1)2(1)1(0)
14(0):7(0)3(1)1(1)
15(1):7(1)3(1)1(1)
40(0):20(0)10(0)5(0)2(1)1(0)
41(1):20(1)10(0)5(0)2(1)1(0)
42(1):21(0)10(1)5(0)2(1)1(0)
43(1):21(1)10(1)5(0)2(1)1(0)

6
1:19>0.0806016
2:22>0.65
3:5>2.94773
5:7>12.3275
10:26>0.0777777
21:4>28.1714
7
4(0):2(0)1(0)
6(1):3(0)1(1)
7(0):3(1)1(1)
11(0):5(1)2(1)1(0)
20(0):10(0)5(0)2(1)1(0)
42(0):21(0)10(1)5(0)2(1)1(0)
43(1):21(1)10(1)5(0)2(1)1(0)

7
1:0>27.9198
2:26>0.0555556
3:4>22.1863
5:22>0.665
6:4>22.2729
7:24>0.0162559
15:3>36.8401
8
4(0):2(0)1(0)
10(0):5(0)2(1)1(0)
11(1):5(1)2(1)1(0)
12(0):6(0)3(0)1(1)
13(1):6(1)3(0)1(1)
14(0):7(0)3(1)1(1)
30(0):15(0)7(1)3(1)1(1)
31(1):15(1)7(1)3(1)1(1)

6
1:2>5.43853
2:27>0.0555556
3:1>30.1877
5:14>0.637774
7:8>0.302248
14:17>0.0399003
7
4(0):2(0)1(0)
6(0):3(0)1(1)
10(0):5(0)2(1)1(0)
11(1):5(1)2(1)1(0)
15(0):7(1)3(1)1(1)
28(0):14(0)7(0)3(1)1(1)
29(1):14(1)7(0)3(1)1(1)

5
1:26>0.0555556
3:21>0.56
6:23>0.0468687
7:3>39.0071
13:20>0.57875
6
2(0):1(0)
12(0):6(0)3(0)1(1)
14(0):7(0)3(1)1(1)
15(1):7(1)3(1)1(1)
26(0):13(0)6(1)3(0)1(1)
27(1):13(1)6(1)3(0)1(1)

7
1:20>0.405
2:2>5.44285
3:20>0.2875
4:20>0.545
6:14>0.624454
13:7>16.9757
27:15>-0.0231205
8
5(0):2(1)1(0)
7(0):3(1)1(1)
8(0):4(0)2(0)1(0)
9(1):4(1)2(0)1(0)
12(0):6(0)3(0)1(1)
26(1):13(0)6(1)3(0)1(1)
54(1):27(0)13(1)6(1)3(0)1(1)
55(0):27(1)13(1)6(1)3(0)1(1)

7
1:20>0.28625
2:27>0.0722223
5:3>37.596
10:8>1.4223
11:16>-0.00166143
22:22>0.665
23:17>0.0188576
8
3(0):1(1)
4(0):2(0)1(0)
20(1):10(0)5(0)2(1)1(0)
21(0):10(1)5(0)2(1)1(0)
44(0):22(0)11(0)5(1)2(1)1(0)
45(1):22(1)11(0)5(1)2(1)1(0)
46(1):23(0)11(1)5(1)2(1)1(0)
47(0):23(1)11(1)5(1)2(1)1(0)

6
1:5>2.64988
2:0>22.1746
3:26>0.0555556
4:19>0.0613201
7:7>20.8452
8:7>27.7787
7
5(0):2(1)1(0)
6(0):3(0)1(1)
9(0):4(1)2(0)1(0)
14(1):7(0)3(1)1(1)
15(0):7(1)3(1)1(1)
16(0):8(0)4(0)2(0)1(0)
17(1):8(1)4(0)2(0)1(0)

6
1:5>2.64988
2:3>39.0071
3:1>20.965
5:22>0.65
7:26>0.0777777
11:6>80
7
4(0):2(0)1(0)
6(0):3(0)1(1)
10(0):5(0)2(1)1(0)
14(0):7(0)3(1)1(1)
15(1):7(1)3(1)1(1)
22(1):11(0)5(1)2(1)1(0)
23(0):11(1)5(1)2(1)1(0)

9
1:3>35.9833
2:1>28.3734
3:20>0.217916
4:8>1.27043
5:17>0.00445762
6:6>74
8:22>0.48
10:18>0.489596
12:21>0.6
10
7(0):3(1)1(1)
9(0):4(1)2(0)1(0)
11(0):5(1)2(1)1(0)
13(0):6(1)3(0)1(1)
16(0):8(0)4(0)2(0)1(0)
17(1):8(1)4(0)2(0)1(0)
20(0):10(0)5(0)2(1)1(0)
21(1):10(1)5(0)2(1)1(0)
24(0):12(0)6(0)3(0)1(1)
25(1):12(1)6(0)3(0)1(1)

7
1:0>27.3304
2:5>2.6052
3:23>0.0616667
4:2>5.09008
7:7>20.8452
9:23>0.0589744
15:3>30.6412
8
5(0):2(1)1(0)
6(0):3(0)1(1)
8(1):4(0)2(0)1(0)
14(1):7(0)3(1)1(1)
18(1):9(0)4(1)2(0)1(0)
19(0):9(1)4(1)2(0)1(0)
30(0):15(0)7(1)3(1)1(1)
31(1):15(1)7(1)3(1)1(1)

8
1:25>0.0513889
3:27>0.0500001
7:20>0.48875
14:22>0.63
15:16>-0.00511552
30:18>0.528889
31:20>0.37
61:13>0.0443215
9
2(0):1(0)
6(0):3(0)1(1)
28(0):14(0)7(0)3(1)1(1)
29(1):14(1)7(0)3(1)1(1)
60(0):30(0)15(0)7(1)3(1)1(1)
62(0):31(0)15(1)7(1)3(1)1(1)
63(1):31(1)15(1)7(1)3(1)1(1)
122(0):61(0)30(1)15(0)7(1)3(1)1(1)
123(1):61(1)30(1)15(0)7(1)3(1)1(1)

8
1:27>0.0722223
3:20>0.44125
6:24>0.00914126
7:11>0.401298
13:21>0.615
15:7>28.1829
31:7>13.9161
63:18>0.383667
9
2(0):1(0)
12(0):6(0)3(0)1(1)
14(0):7(0)3(1)1(1)
26(1):13(0)6(1)3(0)1(1)
27(0):13(1)6(1)3(0)1(1)
30(0):15(0)7(1)3(1)1(1)
62(1):31(0)15(1)7(1)3(1)1(1)
126(0):63(0)31(1)15(1)7(1)3(1)1(1)
127(1):63(1)31(1)15(1)7(1)3(1)1(1)

8
1:3>34.169
2:20>0.35125
3:5>2.75059
4:11>0.186493
7:23>0.0491358
8:15>-0.168113
9:20>0.3775
14:9>0.306078
9
5(0):2(1)1(0)
6(1):3(0)1(1)
15(1):7(1)3(1)1(1)
16(1):8(0)4(0)2(0)1(0)
17(0):8(1)4(0)2(0)1(0)
18(0):9(0)4(1)2(0)1(0)
19(1):9(1)4(1)2(0)1(0)
28(1):14(0)7(0)3(1)1(1)
29(0):14(1)7(0)3(1)1(1)

7
1:23>0.0563493
2:24>0.0426619
3:5>2.77314
4:5>2.59838
7:4>20.6408
14:23>0.0472223
29:17>0.00551751
8
5(0):2(1)1(0)
6(1):3(0)1(1)
8(1):4(0)2(0)1(0)
9(0):4(1)2(0)1(0)
15(0):7(1)3(1)1(1)
28(1):14(0)7(0)3(1)1(1)
58(0):29(0)14(1)7(0)3(1)1(1)
59(1):29(1)14(1)7(0)3(1)1(1)

7
1:23>0.0738096
3:22>0.6425
7:15>-0.363858
14:5>2.64083
28:21>0.4175
29:17>0.0462419
57:11>0.23152
8
2(0):1(0)
6(0):3(0)1(1)
15(0):7(1)3(1)1(1)
56(1):28(0)14(0)7(0)3(1)1(1)
58(1):29(0)14(1)7(0)3(1)1(1)
59(0):29(1)14(1)7(0)3(1)1(1)
114(0):57(0)28(1)14(0)7(0)3(1)1(1)
115(1):57(1)28(1)14(0)7(0)3(1)1(1)

6
1:27>0.0500001
3:3>36.3865
6:8>0.227846
7:21>0.555
12:21>0.535
25:23>0.0472223
7
2(0):1(0)
13(0):6(1)3(0)1(1)
14(0):7(0)3(1)1(1)
15(1):7(1)3(1)1(1)
24(0):12(0)6(0)3(0)1(1)
50(1):25(0)12(1)6(0)3(0)1(1)
51(0):25(1)12(1)6(0)3(0)1(1)

5
1:1>31.3468
3:25>0.0513889
7:21>0.555
14:13>0.00122339
15:16>0.0105967
6
2(0):1(0)
6(0):3(0)1(1)
28(1):14(0)7(0)3(1)1(1)
29(0):14(1)7(0)3(1)1(1)
30(0):15(0)7(1)3(1)1(1)
31(1):15(1)7(1)3(1)1(1)

10
1:10>0.0985068
2:23>0.0616667
3:16>-0.000193172
4:25>0.0555556
5:5>2.68127
6:22>0.615
7:24>0.0174714
9:12>0.645668
11:9>0.584018
23:22>0.316323
11
8(0):4(0)2(0)1(0)
10(1):5(0)2(1)1(0)
12(0):6(0)3(0)1(1)
13(1):6(1)3(0)1(1)
14(1):7(0)3(1)1(1)
15(0):7(1)3(1)1(1)
18(0):9(0)4(1)2(0)1(0)
19(1):9(1)4(1)2(0)1(0)
22(0):11(0)5(1)2(1)1(0)
46(1):23(0)11(1)5(1)2(1)1(0)
47(0):23(1)11(1)5(1)2(1)1(0)

7
1:5>2.6893
2:3>38.5536
3:14>0.241955
4:13>-0.0295558
5:22>0.645
7:17>0.00554601
14:18>0.270335
8
6(0):3(0)1(1)
8(0):4(0)2(0)1(0)
9(1):4(1)2(0)1(0)
10(0):5(0)2(1)1(0)
11(1):5(1)2(1)1(0)
15(0):7(1)3(1)1(1)
28(1):14(0)7(0)3(1)1(1)
29(0):14(1)7(0)3(1)1(1)

8
1:1>30.2885
2:3>37.2936
3:18>0.331111
6:0>22.1746
7:11>0.0832715
12:12>0.0940915
24:7>27.9047
48:24>0.00211397
9
4(0):2(0)1(0)
5(1):2(1)1(0)
13(0):6(1)3(0)1(1)
14(0):7(0)3(1)1(1)
15(1):7(1)3(1)1(1)
25(0):12(1)6(0)3(0)1(1)
49(1):24(1)12(0)6(0)3(0)1(1)
96(1):48(0)24(0)12(0)6(0)3(0)1(1)
97(0):48(1)24(0)12(0)6(0)3(0)1(1)

7
1:8>0.173888
2:23>0.0616667
3:2>4.48531
5:1>23.6865
6:1>19.6044
10:18>0.407709
20:19>0.139968
8
4(0):2(0)1(0)
7(0):3(1)1(1)
11(1):5(1)2(1)1(0)
12(1):6(0)3(0)1(1)
13(0):6(1)3(0)1(1)
21(0):10(1)5(0)2(1)1(0)
40(0):20(0)10(0)5(0)2(1)1(0)
41(1):20(1)10(0)5(0)2(1)1(0)

4
1:27>0.0611112
3:17>0.00129066
6:18>0.545834
13:6>80
5
2(0):1(0)
7(0):3(1)1(1)
12(0):6(0)3(0)1(1)
26(1):13(0)6(1)3(0)1(1)
27(0):13(1)6(1)3(0)1(1)

8
1:3>36.3361
2:22>0.465
3:23>0.078254
4:15>-0.0012936
7:4>27.1204
9:18>0.391458
14:23>0.0480653
15:25>0.0513889
9
5(0):2(1)1(0)
6(0):3(0)1(1)
8(1):4(0)2(0)1(0)
18(0):9(0)4(1)2(0)1(0)
19(1):9(1)4(1)2(0)1(0)
28(0):14(0)7(0)3(1)1(1)
29(1):14(1)7(0)3(1)1(1)
30(0):15(0)7(1)3(1)1(1)
31(1):15(1)7(1)3(1)1(1)

7
1:23>0.0568543
2:4>26.5361
3:18>0.515111
4:17>0.00574748
5:5>2.80277
6:1>25.6016
13:16>0.00122327
8
7(1):3(1)1(1)
8(0):4(0)2(0)1(0)
9(1):4(1)2(0)1(0)
10(1):5(0)2(1)1(0)
11(0):5(1)2(1)1(0)
12(0):6(0)3(0)1(1)
26(1):13(0)6(1)3(0)1(1)
27(0):13(1)6(1)3(0)1(1)

6
1:27>0.0500001
3:1>30.4901
6:3>37.2936
7:22>0.645
15:12>1.75544
31:16>0.0105967
7
2(0):1(0)
12(0):6(0)3(0)1(1)
13(1):6(1)3(0)1(1)
14(0):7(0)3(1)1(1)
30(1):15(0)7(1)3(1)1(1)
62(0):31(0)15(1)7(1)3(1)1(1)
63(1):31(1)15(1)7(1)3(1)1(1)

8
1:1>30.2381
2:15>-0.0059068
3:20>0.5125
4:13>-0.234357
7:4>17.1429
14:19>0.0607907
15:9>0.0635069
28:24>3.68e-18
9
5(0):2(1)1(0)
6(0):3(0)1(1)
8(0):4(0)2(0)1(0)
9(1):4(1)2(0)1(0)
29(0):14(1)7(0)3(1)1(1)
30(0):15(0)7(1)3(1)1(1)
31(1):15(1)7(1)3(1)1(1)
56(1):28(0)14(0)7(0)3(1)1(1)
57(0):28(1)14(0)7(0)3(1)1(1)

7
1:2>4.93889
2:20>0.295
3:11>0.194401
4:3>38.8559
6:1>31.246
9:16>-0.048289
18:1>19.6044
8
5(0):2(1)1(0)
7(0):3(1)1(1)
8(0):4(0)2(0)1(0)
12(0):6(0)3(0)1(1)
13(1):6(1)3(0)1(1)
19(0):9(1)4(1)2(0)1(0)
36(1):18(0)9(0)4(1)2(0)1(0)
37(0):18(1)9(0)4(1)2(0)1(0)

9
1:19>0.0806016
2:23>0.0607408
3:27>0.0555556
4:12>0.0876262
5:1>19.6044
7:18>0.331
10:4>28.1714
21:2>1.25992
42:21>0.3925
10
6(0):3(0)1(1)
8(0):4(0)2(0)1(0)
9(1):4(1)2(0)1(0)
11(0):5(1)2(1)1(0)
14(1):7(0)3(1)1(1)
15(0):7(1)3(1)1(1)
20(0):10(0)5(0)2(1)1(0)
43(0):21(1)10(1)5(0)2(1)1(0)
84(1):42(0)21(0)10(1)5(0)2(1)1(0)
85(0):42(1)21(0)10(1)5(0)2(1)1(0)

4
1:26>0.0555556
3:1>30.9941
7:0>20.4107
14:16>0.0104089
5
2(0):1(0)
6(0):3(0)1(1)
15(0):7(1)3(1)1(1)
28(0):14(0)7(0)3(1)1(1)
29(1):14(1)7(0)3(1)1(1)

5
1:5>2.64988
2:2>5.19087
5:9>0.243261
10:5>2.75636
20:8>0.698932
6
3(0):1(1)
4(1):2(0)1(0)
11(0):5(1)2(1)1(0)
21(1):10(1)5(0)2(1)1(0)
40(0):20(0)10(0)5(0)2(1)1(0)
41(1):20(1)10(0)5(0)2(1)1(0)

8
1:5>2.72589
2:16>-0.0154018
3:23>0.0616667
4:3>39.1583
7:16>0.000516275
14:21>0.4
15:22>0.60375
31:22>0.50375
9
5(0):2(1)1(0)
6(0):3(0)1(1)
8(0):4(0)2(0)1(0)
9(1):4(1)2(0)1(0)
28(1):14(0)7(0)3(1)1(1)
29(0):14(1)7(0)3(1)1(1)
30(0):15(0)7(1)3(1)1(1)
62(1):31(0)15(1)7(1)3(1)1(1)
63(0):31(1)15(1)7(1)3(1)1(1)

7
1:26>0.0555556
3:6>81
6:22>0.62
12:15>0.00222364
13:16>-0.0154018
26:19>0.117435
52:3>37.6465
8
2(0):1(0)
7(0):3(1)1(1)
24(1):12(0)6(0)3(0)1(1)
25(0):12(1)6(0)3(0)1(1)
27(0):13(1)6(1)3(0)1(1)
53(1):26(1)13(0)6(1)3(0)1(1)
104(0):52(0)26(0)13(0)6(1)3(0)1(1)
105(1):52(1)26(0)13(0)6(1)3(0)1(1)

6
1:1>30.2885
3:0>22.5273
6:26>0.0555556
13:7>27.7787
26:16>0.0472179
27:18>0.543333
7
2(0):1(0)
7(0):3(1)1(1)
12(0):6(0)3(0)1(1)
52(1):26(0)13(0)6(1)3(0)1(1)
53(0):26(1)13(0)6(1)3(0)1(1)
54(0):27(0)13(1)6(1)3(0)1(1)
55(1):27(1)13(1)6(1)3(0)1(1)

6
1:22>0.395
2:27>0.0722223
3:6>125
5:22>0.65
11:15>-0.35361
22:7>13.9161
7
4(0):2(0)1(0)
6(1):3(0)1(1)
7(0):3(1)1(1)
10(0):5(0)2(1)1(0)
23(0):11(1)5(1)2(1)1(0)
44(1):22(0)11(0)5(1)2(1)1(0)
45(0):22(1)11(0)5(1)2(1)1(0)

9
1:25>0.0555556
3:14>0.376252
6:11>1.37563
7:19>0.147208
13:3>36.8905
15:22>0.65
27:24>3.745e-18
31:1>32.5564
63:7>27.9047
10
2(0):1(0)
12(1):6(0)3(0)1(1)
14(0):7(0)3(1)1(1)
26(0):13(0)6(1)3(0)1(1)
30(0):15(0)7(1)3(1)1(1)
54(1):27(0)13(1)6(1)3(0)1(1)
55(0):27(1)13(1)6(1)3(0)1(1)
62(0):31(0)15(1)7(1)3(1)1(1)
126(1):63(0)31(1)15(1)7(1)3(1)1(1)
127(1):63(1)31(1)15(1)7(1)3(1)1(1)

9
1:21>0.3925
2:4>24.1097
3:12>0.0876262
4:9>0.689742
5:0>23.2937
9:26>0.0777777
10:3>39.5362
19:21>0.42
21:20>0.57875
10
6(0):3(0)1(1)
7(1):3(1)1(1)
8(0):4(0)2(0)1(0)
11(0):5(1)2(1)1(0)
18(0):9(0)4(1)2(0)1(0)
20(0):10(0)5(0)2(1)1(0)
38(1):19(0)9(1)4(1)2(0)1(0)
39(0):19(1)9(1)4(1)2(0)1(0)
42(0):21(0)10(1)5(0)2(1)1(0)
43(1):21(1)10(1)5(0)2(1)1(0)

5
1:27>0.0611112
3:0>22.1746
6:6>75
12:19>0.147208
24:22>0.65125
6
2(0):1(0)
7(0):3(1)1(1)
13(0):6(1)3(0)1(1)
25(1):12(1)6(0)3(0)1(1)
48(0):24(0)12(0)6(0)3(0)1(1)
49(1):24(1)12(0)6(0)3(0)1(1)

7
1:26>0.0555556
3:3>36.3865
6:13>-0.024822
7:20>0.56
13:2>3.2254
15:11>0.642377
26:15>-0.53107
8
2(0):1(0)
12(0):6(0)3(0)1(1)
14(0):7(0)3(1)1(1)
27(0):13(1)6(1)3(0)1(1)
30(0):15(0)7(1)3(1)1(1)
31(1):15(1)7(1)3(1)1(1)
52(1):26(0)13(0)6(1)3(0)1(1)
53(0):26(1)13(0)6(1)3(0)1(1)

7
1:14>0.272833
2:5>2.68127
3:25>0.0513889
4:24>3.68e-18
7:19>0.147208
8:16>-0.0154018
14:10>0.0954751
8
5(0):2(1)1(0)
6(0):3(0)1(1)
9(0):4(1)2(0)1(0)
15(1):7(1)3(1)1(1)
16(1):8(0)4(0)2(0)1(0)
17(0):8(1)4(0)2(0)1(0)
28(1):14(0)7(0)3(1)1(1)
29(0):14(1)7(0)3(1)1(1)

9
1:7>17.79
2:3>38.8276
3:18>0.371
5:25>0.0555556
6:7>16.5516
11:23>0.0506411
12:20>0.3725
13:0>23.0313
22:21>0.5825
10
4(0):2(0)1(0)
7(0):3(1)1(1)
10(0):5(0)2(1)1(0)
23(1):11(1)5(1)2(1)1(0)
24(0):12(0)6(0)3(0)1(1)
25(1):12(1)6(0)3(0)1(1)
26(1):13(0)6(1)3(0)1(1)
27(0):13(1)6(1)3(0)1(1)
44(0):22(0)11(0)5(1)2(1)1(0)
45(1):22(1)11(0)5(1)2(1)1(0)

11
1:0>27.9198
2:20>0.515
3:5>2.81648
5:5>2.64161
6:14>0.536709
7:5>2.77929
10:3>36.9408
14:21>0.41
15:13>-0.024822
31:10>0.0888024
62:1>27.7183
12
4(0):2(0)1(0)
11(0):5(1)2(1)1(0)
12(0):6(0)3(0)1(1)
13(1):6(1)3(0)1(1)
20(1):10(0)5(0)2(1)1(0)
21(1):10(1)5(0)2(1)1(0)
28(0):14(0)7(0)3(1)1(1)
29(1):14(1)7(0)3(1)1(1)
30(0):15(0)7(1)3(1)1(1)
63(1):31(1)15(1)7(1)3(1)1(1)
124(0):62(0)31(0)15(1)7(1)3(1)1(1)
125(1):62(1)31(0)15(1)7(1)3(1)1(1)

6
1:26>0.0555556
3:6>81
6:2>3.32619
12:22>0.45625
13:10>0.158512
25:0>25.2992
7
2(0):1(0)
7(0):3(1)1(1)
24(1):12(0)6(0)3(0)1(1)
26(1):13(0)6(1)3(0)1(1)
27(0):13(1)6(1)3(0)1(1)
50(1):25(0)12(1)6(0)3(0)1(1)
51(0):25(1)12(1)6(0)3(0)1(1)

6
1:20>0.43625
2:5>2.76033
3:27>0.0611112
7:15>-0.370324
14:3>39.1583
29:21>0.3675
7
4(1):2(0)1(0)
5(0):2(1)1(0)
6(0):3(0)1(1)
15(0):7(1)3(1)1(1)
28(0):14(0)7(0)3(1)1(1)
58(1):29(0)14(1)7(0)3(1)1(1)
59(0):29(1)14(1)7(0)3(1)1(1)

3
1:6>92
2:21>0.56
5:23>0.0766667
4
3(0):1(1)
4(0):2(0)1(0)
10(0):5(0)2(1)1(0)
11(1):5(1)2(1)1(0)

