20
8
1:0>27.7687
2:19>0.0779272
3:27>0.0500001
4:26>0.111111
5:10>0.0836983
7:14>0.121435
14:17>0.027612
28:0>25.2992
9
6(0):3(0)1(1)
8(0):4(0)2(0)1(0)
9(1):4(1)2(0)1(0)
10(0):5(0)2(1)1(0)
11(1):5(1)2(1)1(0)
15(0):7(1)3(1)1(1)
29(1):14(1)7(0)3(1)1(1)
56(1):28(0)14(0)7(0)3(1)1(1)
57(0):28(1)14(0)7(0)3(1)1(1)

9
1:3>34.5722
2:5>2.60447
3:19>0.0767297
4:11>0.195034
6:9>0.0387012
8:19>0.0763124
9:13>0.00126805
16:4>27.6369
33:18>0.355238
10
5(0):2(1)1(0)
7(0):3(1)1(1)
12(1):6(0)3(0)1(1)
13(0):6(1)3(0)1(1)
17(0):8(1)4(0)2(0)1(0)
18(1):9(0)4(1)2(0)1(0)
19(0):9(1)4(1)2(0)1(0)
32(0):16(0)8(0)4(0)2(0)1(0)
66(1):33(0)16(1)8(0)4(0)2(0)1(0)
67(0):33(1)16(1)8(0)4(0)2(0)1(0)

6
1:1>30.0869
3:5>2.60447
6:27>0.0777778
13:24>3.68e-18
26:21>0.555
27:22>0.435
7
2(0):1(0)
7(0):3(1)1(1)
12(0):6(0)3(0)1(1)
52(0):26(0)13(0)6(1)3(0)1(1)
53(1):26(1)13(0)6(1)3(0)1(1)
54(0):27(0)13(1)6(1)3(0)1(1)
55(1):27(1)13(1)6(1)3(0)1(1)

8
1:1>30.1877
3:5>2.68127
6:19>0.128048
7:15>0.00209191
12:11>0.134607
15:24>0.0403687
31:12>0.626332
62:19>0.0976181
9
2(0):1(0)
13(1):6(1)3(0)1(1)
14(1):7(0)3(1)1(1)
24(1):12(0)6(0)3(0)1(1)
25(0):12(1)6(0)3(0)1(1)
30(1):15(0)7(1)3(1)1(1)
63(0):31(1)15(1)7(1)3(1)1(1)
124(1):62(0)31(0)15(1)7(1)3(1)1(1)
125(0):62(1)31(0)15(1)7(1)3(1)1(1)

7
1:2>4.6365
2:23>0.0577381
3:11>0.30174
4:27>0.0555556
5:1>19.6044
10:9>0.707607
20:6>93.5
8
6(1):3(0)1(1)
7(0):3(1)1(1)
8(0):4(0)2(0)1(0)
9(1):4(1)2(0)1(0)
11(0):5(1)2(1)1(0)
21(1):10(1)5(0)2(1)1(0)
40(1):20(0)10(0)5(0)2(1)1(0)
41(0):20(1)10(0)5(0)2(1)1(0)

8
1:19>0.0741317
2:26>0.0777777
3:25>0.0555556
5:0>23.1825
7:20>0.365
10:10>0.229733
20:4>20.6178
21:9>0.0387012
9
4(0):2(0)1(0)
6(0):3(0)1(1)
11(0):5(1)2(1)1(0)
14(0):7(0)3(1)1(1)
15(1):7(1)3(1)1(1)
40(0):20(0)10(0)5(0)2(1)1(0)
41(1):20(1)10(0)5(0)2(1)1(0)
42(1):21(0)10(1)5(0)2(1)1(0)
43(1):21(1)10(1)5(0)2(1)1(0)

6
1:19>0.0806016
2:22>0.65
3:5>2.94773
5:7>12.3275
10:26>0.0777777
21:4>28.1714
7
4(0):2(0)1(0)
6(1):3(0)1(1)
7(0):3(1)1(1)
11(0):5(1)2(1)1(0)
20(0):10(0)5(0)2(1)1(0)
42(0):21(0)10(1)5(0)2(1)1(0)
43(1):21(1)10(1)5(0)2(1)1(0)

7
1:0>27.9198
2:26>0.0555556
3:4>22.1863
5:22>0.665
6:4>22.2729
7:24>0.0162559
15:3>36.8401
8
4(0):2(0)1(0)
10(0):5(0)2(1)1(0)
11(1):5(1)2(1)1(0)
12(0):6(0)3(0)1(1)
13(1):6(1)3(0)1(1)
14(0):7(0)3(1)1(1)
30(0):15(0)7(1)3(1)1(1)
31(1):15(1)7(1)3(1)1(1)

6
1:2>5.43853
2:27>0.0555556
3:1>30.1877
5:14>0.637774
7:8>0.302248
14:17>0.0399003
7
4(0):2(0)1(0)
6(0):3(0)1(1)
10(0):5(0)2(1)1(0)
11(1):5(1)2(1)1(0)
15(0):7(1)3(1)1(1)
28(0):14(0)7(0)3(1)1(1)
29(1):14(1)7(0)3(1)1(1)

5
1:26>0.0555556
3:21>0.56
6:23>0.0468687
7:3>39.0071
13:20>0.57875
6
2(0):1(0)
12(0):6(0)3(0)1(1)
14(0):7(0)3(1)1(1)
15(1):7(1)3(1)1(1)
26(0):13(0)6(1)3(0)1(1)
27(1):13(1)6(1)3(0)1(1)

7
1:20>0.405
2:2>5.44285
3:20>0.2875
4:20>0.545
6:14>0.624454
13:7>16.9757
27:15>-0.0231205
8
5(0):2(1)1(0)
7(0):3(1)1(1)
8(0):4(0)2(0)1(0)
9(1):4(1)2(0)1(0)
12(0):6(0)3(0)1(1)
26(1):13(0)6(1)3(0)1(1)
54(1):27(0)13(1)6(1)3(0)1(1)
55(0):27(1)13(1)6(1)3(0)1(1)

7
1:20>0.28625
2:27>0.0722223
5:3>37.596
10:8>1.4223
11:16>-0.00166143
22:22>0.665
23:17>0.0188576
8
3(0):1(1)
4(0):2(0)1(0)
20(1):10(0)5(0)2(1)1(0)
21(0):10(1)5(0)2(1)1(0)
44(0):22(0)11(0)5(1)2(1)1(0)
45(1):22(1)11(0)5(1)2(1)1(0)
46(1):23(0)11(1)5(1)2(1)1(0)
47(0):23(1)11(1)5(1)2(1)1(0)

6
1:5>2.64988
2:0>22.1746
3:26>0.0555556
4:19>0.0613201
7:7>20.8452
8:7>27.7787
7
5(0):2(1)1(0)
6(0):3(0)1(1)
9(0):4(1)2(0)1(0)
14(1):7(0)3(1)1(1)
15(0):7(1)3(1)1(1)
16(0):8(0)4(0)2(0)1(0)
17(1):8(1)4(0)2(0)1(0)

6
1:5>2.64988
2:3>39.0071
3:1>20.965
5:22>0.65
7:26>0.0777777
11:6>80
7
4(0):2(0)1(0)
6(0):3(0)1(1)
10(0):5(0)2(1)1(0)
14(0):7(0)3(1)1(1)
15(1):7(1)3(1)1(1)
22(1):11(0)5(1)2(1)1(0)
23(0):11(1)5(1)2(1)1(0)

9
1:3>35.9833
2:1>28.3734
3:20>0.217916
4:8>1.27043
5:17>0.00445762
6:6>74
8:22>0.48
10:18>0.489596
12:21>0.6
10
7(0):3(1)1(1)
9(0):4(1)2(0)1(0)
11(0):5(1)2(1)1(0)
13(0):6(1)3(0)1(1)
16(0):8(0)4(0)2(0)1(0)
17(1):8(1)4(0)2(0)1(0)
20(0):10(0)5(0)2(1)1(0)
21(1):10(1)5(0)2(1)1(0)
24(0):12(0)6(0)3(0)1(1)
25(1):12(1)6(0)3(0)1(1)

7
1:0>27.3304
2:5>2.6052
3:23>0.0616667
4:2>5.09008
7:7>20.8452
9:23>0.0589744
15:3>30.6412
8
5(0):2(1)1(0)
6(0):3(0)1(1)
8(1):4(0)2(0)1(0)
14(1):7(0)3(1)1(1)
18(1):9(0)4(1)2(0)1(0)
19(0):9(1)4(1)2(0)1(0)
30(0):15(0)7(1)3(1)1(1)
31(1):15(1)7(1)3(1)1(1)

8
1:25>0.0513889
3:27>0.0500001
7:20>0.48875
14:22>0.63
15:16>-0.00511552
30:18>0.528889
31:20>0.37
61:13>0.0443215
9
2(0):1(0)
6(0):3(0)1(1)
28(0):14(0)7(0)3(1)1(1)
29(1):14(1)7(0)3(1)1(1)
60(0):30(0)15(0)7(1)3(1)1(1)
62(0):31(0)15(1)7(1)3(1)1(1)
63(1):31(1)15(1)7(1)3(1)1(1)
122(0):61(0)30(1)15(0)7(1)3(1)1(1)
123(1):61(1)30(1)15(0)7(1)3(1)1(1)

8
1:27>0.0722223
3:20>0.44125
6:24>0.00914126
7:11>0.401298
13:21>0.615
15:7>28.1829
31:7>13.9161
63:18>0.383667
9
2(0):1(0)
12(0):6(0)3(0)1(1)
14(0):7(0)3(1)1(1)
26(1):13(0)6(1)3(0)1(1)
27(0):13(1)6(1)3(0)1(1)
30(0):15(0)7(1)3(1)1(1)
62(1):31(0)15(1)7(1)3(1)1(1)
126(0):63(0)31(1)15(1)7(1)3(1)1(1)
127(1):63(1)31(1)15(1)7(1)3(1)1(1)

8
1:3>34.169
2:20>0.35125
3:5>2.75059
4:11>0.186493
7:23>0.0491358
8:15>-0.168113
9:20>0.3775
14:9>0.306078
9
5(0):2(1)1(0)
6(1):3(0)1(1)
15(1):7(1)3(1)1(1)
16(1):8(0)4(0)2(0)1(0)
17(0):8(1)4(0)2(0)1(0)
18(0):9(0)4(1)2(0)1(0)
19(1):9(1)4(1)2(0)1(0)
28(1):14(0)7(0)3(1)1(1)
29(0):14(1)7(0)3(1)1(1)

7
1:23>0.0563493
2:24>0.0426619
3:5>2.77314
4:5>2.59838
7:4>20.6408
14:23>0.0472223
29:17>0.00551751
8
5(0):2(1)1(0)
6(1):3(0)1(1)
8(1):4(0)2(0)1(0)
9(0):4(1)2(0)1(0)
15(0):7(1)3(1)1(1)
28(1):14(0)7(0)3(1)1(1)
58(0):29(0)14(1)7(0)3(1)1(1)
59(1):29(1)14(1)7(0)3(1)1(1)

