50
12
1:3>35.9329
2:9>0.0692966
3:18>0.517334
4:15>-0.100399
5:23>0.0562963
6:24>0.0114799
7:21>0.36
9:13>-0.101664
13:24>0.00211397
14:2>1.36072
28:2>3.93095
57:16>-0.00228545
13
8(0):4(0)2(0)1(0)
10(1):5(0)2(1)1(0)
11(0):5(1)2(1)1(0)
12(0):6(0)3(0)1(1)
15(0):7(1)3(1)1(1)
18(1):9(0)4(1)2(0)1(0)
19(0):9(1)4(1)2(0)1(0)
26(1):13(0)6(1)3(0)1(1)
27(0):13(1)6(1)3(0)1(1)
29(0):14(1)7(0)3(1)1(1)
56(1):28(0)14(0)7(0)3(1)1(1)
114(0):57(0)28(1)14(0)7(0)3(1)1(1)
115(1):57(1)28(1)14(0)7(0)3(1)1(1)

8
1:27>0.0500001
3:2>3.93095
6:8>1.58083
7:4>26.3828
13:22>0.605
26:5>2.73881
27:3>38.0496
54:12>0.832701
9
2(0):1(0)
12(0):6(0)3(0)1(1)
14(1):7(0)3(1)1(1)
15(0):7(1)3(1)1(1)
52(0):26(0)13(0)6(1)3(0)1(1)
53(1):26(1)13(0)6(1)3(0)1(1)
55(1):27(1)13(1)6(1)3(0)1(1)
108(1):54(0)27(0)13(1)6(1)3(0)1(1)
109(0):54(1)27(0)13(1)6(1)3(0)1(1)

8
1:1>30.3893
3:9>0.279179
7:22>0.595
15:6>103
30:18>0.453303
31:18>0.4365
63:14>0.137638
127:18>0.342361
9
2(0):1(0)
6(1):3(0)1(1)
14(0):7(0)3(1)1(1)
60(0):30(0)15(0)7(1)3(1)1(1)
61(1):30(1)15(0)7(1)3(1)1(1)
62(1):31(0)15(1)7(1)3(1)1(1)
126(0):63(0)31(1)15(1)7(1)3(1)1(1)
254(1):127(0)63(1)31(1)15(1)7(1)3(1)1(1)
255(0):127(1)63(1)31(1)15(1)7(1)3(1)1(1)

10
1:3>34.5218
2:10>0.066514
3:8>0.0607217
4:19>0.0731979
6:13>0.133906
7:20>0.38
8:21>0.57
17:22>0.475
34:5>-0.21365
68:18>0.399675
11
5(1):2(1)1(0)
9(0):4(1)2(0)1(0)
12(0):6(0)3(0)1(1)
13(1):6(1)3(0)1(1)
14(0):7(0)3(1)1(1)
15(1):7(1)3(1)1(1)
16(0):8(0)4(0)2(0)1(0)
35(1):17(1)8(1)4(0)2(0)1(0)
69(0):34(1)17(0)8(1)4(0)2(0)1(0)
136(1):68(0)34(0)17(0)8(1)4(0)2(0)1(0)
137(0):68(1)34(0)17(0)8(1)4(0)2(0)1(0)

10
1:27>0.0611112
3:3>36.0841
6:6>106.5
7:22>0.63625
12:22>0.58625
15:22>0.39375
30:7>14.3942
31:15>0.00115395
61:19>0.0759569
63:24>0.010541
11
2(0):1(0)
13(0):6(1)3(0)1(1)
14(0):7(0)3(1)1(1)
24(0):12(0)6(0)3(0)1(1)
25(1):12(1)6(0)3(0)1(1)
60(1):30(0)15(0)7(1)3(1)1(1)
62(0):31(0)15(1)7(1)3(1)1(1)
122(1):61(0)30(1)15(0)7(1)3(1)1(1)
123(0):61(1)30(1)15(0)7(1)3(1)1(1)
126(1):63(0)31(1)15(1)7(1)3(1)1(1)
127(0):63(1)31(1)15(1)7(1)3(1)1(1)

6
1:1>30.7925
3:26>0.0555556
7:9>0.276367
15:21>0.5375
30:13>0.00134611
31:6>101.5
7
2(0):1(0)
6(0):3(0)1(1)
14(1):7(0)3(1)1(1)
60(1):30(0)15(0)7(1)3(1)1(1)
61(0):30(1)15(0)7(1)3(1)1(1)
62(1):31(0)15(1)7(1)3(1)1(1)
63(0):31(1)15(1)7(1)3(1)1(1)

8
1:1>30.3893
3:19>0.0543785
6:22>0.63625
13:3>25.1984
26:2>3.93095
52:22>0.41
53:17>0.623814
105:23>0.0461112
9
2(0):1(0)
7(0):3(1)1(1)
12(0):6(0)3(0)1(1)
27(0):13(1)6(1)3(0)1(1)
104(1):52(0)26(0)13(0)6(1)3(0)1(1)
106(0):53(0)26(1)13(0)6(1)3(0)1(1)
107(1):53(1)26(1)13(0)6(1)3(0)1(1)
210(1):105(0)52(1)26(0)13(0)6(1)3(0)1(1)
211(0):105(1)52(1)26(0)13(0)6(1)3(0)1(1)

11
1:3>34.169
2:26>0.0555556
3:17>0.00336993
5:20>0.33625
7:21>0.5275
10:16>0.00050926
11:7>23.0686
20:1>31.9516
21:23>0.0485185
22:16>0.00339862
42:18>0.53275
12
4(0):2(0)1(0)
6(1):3(0)1(1)
14(0):7(0)3(1)1(1)
15(1):7(1)3(1)1(1)
23(0):11(1)5(1)2(1)1(0)
40(0):20(0)10(0)5(0)2(1)1(0)
41(1):20(1)10(0)5(0)2(1)1(0)
43(0):21(1)10(1)5(0)2(1)1(0)
44(1):22(0)11(0)5(1)2(1)1(0)
45(0):22(1)11(0)5(1)2(1)1(0)
84(0):42(0)21(0)10(1)5(0)2(1)1(0)
85(1):42(1)21(0)10(1)5(0)2(1)1(0)

9
1:19>0.0786737
2:26>0.0722223
3:6>112.5
5:0>25.3496
6:26>0.0722223
10:16>0.00411494
11:10>0.163574
20:2>5.39246
41:16>0.0168899
10
4(0):2(0)1(0)
7(0):3(1)1(1)
12(0):6(0)3(0)1(1)
13(1):6(1)3(0)1(1)
21(1):10(1)5(0)2(1)1(0)
22(1):11(0)5(1)2(1)1(0)
23(0):11(1)5(1)2(1)1(0)
40(1):20(0)10(0)5(0)2(1)1(0)
82(1):41(0)20(1)10(0)5(0)2(1)1(0)
83(0):41(1)20(1)10(0)5(0)2(1)1(0)

9
1:26>0.0555556
3:22>0.63625
7:11>0.298036
14:0>27.2647
15:1>32.2035
29:18>0.402232
31:3>25.2488
62:9>0.0584676
124:0>23.7369
10
2(0):1(0)
6(0):3(0)1(1)
28(1):14(0)7(0)3(1)1(1)
30(0):15(0)7(1)3(1)1(1)
58(1):29(0)14(1)7(0)3(1)1(1)
59(0):29(1)14(1)7(0)3(1)1(1)
63(0):31(1)15(1)7(1)3(1)1(1)
125(1):62(1)31(0)15(1)7(1)3(1)1(1)
248(1):124(0)62(0)31(0)15(1)7(1)3(1)1(1)
249(0):124(1)62(0)31(0)15(1)7(1)3(1)1(1)

8
1:1>30.4898
3:18>0.514444
6:12>0.476575
7:20>0.21875
14:2>3.93095
28:19>0.0705121
29:18>0.442209
57:23>0.0481482
9
2(0):1(0)
12(1):6(0)3(0)1(1)
13(0):6(1)3(0)1(1)
15(0):7(1)3(1)1(1)
56(1):28(0)14(0)7(0)3(1)1(1)
58(0):29(0)14(1)7(0)3(1)1(1)
59(1):29(1)14(1)7(0)3(1)1(1)
114(1):57(0)28(1)14(0)7(0)3(1)1(1)
115(0):57(1)28(1)14(0)7(0)3(1)1(1)

9
1:5>2.72009
2:5>2.93135
3:3>34.7738
4:0>29.4419
5:19>0.0628348
7:9>0.0567648
9:24>0.0218235
10:11>0.0515243
20:12>0.131982
10
6(0):3(0)1(1)
8(1):4(0)2(0)1(0)
11(0):5(1)2(1)1(0)
14(1):7(0)3(1)1(1)
15(0):7(1)3(1)1(1)
18(1):9(0)4(1)2(0)1(0)
19(0):9(1)4(1)2(0)1(0)
21(0):10(1)5(0)2(1)1(0)
40(1):20(0)10(0)5(0)2(1)1(0)
41(0):20(1)10(0)5(0)2(1)1(0)

8
1:3>36.0337
2:16>0.00400021
3:2>3.93095
4:17>0.294588
6:4>13.5769
7:18>0.442209
12:0>22.2754
24:11>2.05405
9
5(0):2(1)1(0)
8(1):4(0)2(0)1(0)
9(0):4(1)2(0)1(0)
13(0):6(1)3(0)1(1)
14(0):7(0)3(1)1(1)
15(1):7(1)3(1)1(1)
25(0):12(1)6(0)3(0)1(1)
48(0):24(0)12(0)6(0)3(0)1(1)
49(1):24(1)12(0)6(0)3(0)1(1)

11
1:5>2.72009
2:0>25.6016
3:3>34.7738
4:25>0.0527778
5:15>-0.00369862
7:4>13.4251
9:19>0.0529529
11:16>-0.0034281
18:19>0.129755
36:12>0.569966
72:18>0.385714
12
6(0):3(0)1(1)
8(0):4(0)2(0)1(0)
10(0):5(0)2(1)1(0)
14(1):7(0)3(1)1(1)
15(0):7(1)3(1)1(1)
19(0):9(1)4(1)2(0)1(0)
22(1):11(0)5(1)2(1)1(0)
23(0):11(1)5(1)2(1)1(0)
37(1):18(1)9(0)4(1)2(0)1(0)
73(1):36(1)18(0)9(0)4(1)2(0)1(0)
144(1):72(0)36(0)18(0)9(0)4(1)2(0)1(0)
145(0):72(1)36(0)18(0)9(0)4(1)2(0)1(0)

8
1:5>2.57167
2:19>0.0687725
4:18>0.517125
5:22>0.57875
8:0>25.5512
9:7>13.9161
18:1>20.7131
37:17>0.00565382
9
3(0):1(1)
10(1):5(0)2(1)1(0)
11(0):5(1)2(1)1(0)
16(1):8(0)4(0)2(0)1(0)
17(0):8(1)4(0)2(0)1(0)
19(0):9(1)4(1)2(0)1(0)
36(1):18(0)9(0)4(1)2(0)1(0)
74(0):37(0)18(1)9(0)4(1)2(0)1(0)
75(1):37(1)18(1)9(0)4(1)2(0)1(0)

7
1:27>0.0611112
3:0>25.6016
6:22>0.69
7:0>25.3496
13:21>0.36
14:12>0.310635
27:5>2.85042
8
2(0):1(0)
12(0):6(0)3(0)1(1)
15(0):7(1)3(1)1(1)
26(1):13(0)6(1)3(0)1(1)
28(0):14(0)7(0)3(1)1(1)
29(1):14(1)7(0)3(1)1(1)
54(1):27(0)13(1)6(1)3(0)1(1)
55(0):27(1)13(1)6(1)3(0)1(1)

8
1:1>30.3893
3:19>0.0543785
6:6>143
12:21>0.55
13:19>0.146584
24:22>0.64
25:19>0.141526
26:9>1.12677
9
2(0):1(0)
7(0):3(1)1(1)
27(1):13(1)6(1)3(0)1(1)
48(0):24(0)12(0)6(0)3(0)1(1)
49(1):24(1)12(0)6(0)3(0)1(1)
50(0):25(0)12(1)6(0)3(0)1(1)
51(1):25(1)12(1)6(0)3(0)1(1)
52(0):26(0)13(0)6(1)3(0)1(1)
53(1):26(1)13(0)6(1)3(0)1(1)

5
1:1>30.2381
3:22>0.37
6:18>0.526334
12:0>25.5008
24:22>0.685
6
2(0):1(0)
7(0):3(1)1(1)
13(1):6(1)3(0)1(1)
25(0):12(1)6(0)3(0)1(1)
48(0):24(0)12(0)6(0)3(0)1(1)
49(1):24(1)12(0)6(0)3(0)1(1)

10
1:3>34.2195
2:16>0.0151866
3:3>25.2488
5:22>0.44
6:22>0.63625
10:21>0.4625
13:0>25.2992
20:9>0.129127
21:27>0.105556
41:18>0.53275
11
4(1):2(0)1(0)
7(0):3(1)1(1)
11(0):5(1)2(1)1(0)
12(0):6(0)3(0)1(1)
26(1):13(0)6(1)3(0)1(1)
27(0):13(1)6(1)3(0)1(1)
40(0):20(0)10(0)5(0)2(1)1(0)
42(0):21(0)10(1)5(0)2(1)1(0)
43(1):21(1)10(1)5(0)2(1)1(0)
82(0):41(0)20(1)10(0)5(0)2(1)1(0)
83(1):41(1)20(1)10(0)5(0)2(1)1(0)

7
1:27>0.0611112
3:24>7.335e-18
6:1>30.3893
7:3>31.4476
13:0>25.6016
27:2>7.10595
54:18>0.540875
8
2(0):1(0)
12(0):6(0)3(0)1(1)
14(0):7(0)3(1)1(1)
15(1):7(1)3(1)1(1)
26(1):13(0)6(1)3(0)1(1)
55(0):27(1)13(1)6(1)3(0)1(1)
108(0):54(0)27(0)13(1)6(1)3(0)1(1)
109(1):54(1)27(0)13(1)6(1)3(0)1(1)

12
1:25>0.0513889
3:3>36.6385
6:7>22.6404
7:1>30.3893
12:7>23.6029
15:22>0.615
30:24>0.00997071
31:17>0.315863
63:7>14.3942
126:7>24.2091
127:18>0.3735
252:5>2.8853
13
2(0):1(0)
13(0):6(1)3(0)1(1)
14(0):7(0)3(1)1(1)
24(0):12(0)6(0)3(0)1(1)
25(1):12(1)6(0)3(0)1(1)
60(0):30(0)15(0)7(1)3(1)1(1)
61(1):30(1)15(0)7(1)3(1)1(1)
62(0):31(0)15(1)7(1)3(1)1(1)
253(1):126(1)63(0)31(1)15(1)7(1)3(1)1(1)
254(1):127(0)63(1)31(1)15(1)7(1)3(1)1(1)
255(0):127(1)63(1)31(1)15(1)7(1)3(1)1(1)
504(0):252(0)126(0)63(0)31(1)15(1)7(1)3(1)1(1)
505(1):252(1)126(0)63(0)31(1)15(1)7(1)3(1)1(1)

8
1:3>34.5218
2:5>2.72009
3:20>0.52
4:0>26.8616
6:17>0.00473291
7:13>0.0273294
8:21>0.375
14:20>0.4325
9
5(0):2(1)1(0)
9(0):4(1)2(0)1(0)
12(1):6(0)3(0)1(1)
13(0):6(1)3(0)1(1)
15(1):7(1)3(1)1(1)
16(1):8(0)4(0)2(0)1(0)
17(0):8(1)4(0)2(0)1(0)
28(1):14(0)7(0)3(1)1(1)
29(0):14(1)7(0)3(1)1(1)

8
1:19>0.0625958
2:22>0.64125
5:26>0.0611112
11:0>25.6016
22:21>0.355
23:12>0.259736
45:15>-0.00592105
47:18>0.540875
9
3(0):1(1)
4(0):2(0)1(0)
10(0):5(0)2(1)1(0)
44(1):22(0)11(0)5(1)2(1)1(0)
46(0):23(0)11(1)5(1)2(1)1(0)
90(1):45(0)22(1)11(0)5(1)2(1)1(0)
91(0):45(1)22(1)11(0)5(1)2(1)1(0)
94(0):47(0)23(1)11(1)5(1)2(1)1(0)
95(1):47(1)23(1)11(1)5(1)2(1)1(0)

10
1:3>34.2195
2:13>-0.0456206
3:12>0.03445
4:1>28.1718
5:17>0.0065297
6:6>143
9:15>-0.014829
10:5>2.72009
12:2>3.62858
24:0>26.6599
11
7(0):3(1)1(1)
8(0):4(0)2(0)1(0)
11(0):5(1)2(1)1(0)
13(1):6(1)3(0)1(1)
18(0):9(0)4(1)2(0)1(0)
19(1):9(1)4(1)2(0)1(0)
20(1):10(0)5(0)2(1)1(0)
21(0):10(1)5(0)2(1)1(0)
25(0):12(1)6(0)3(0)1(1)
48(1):24(0)12(0)6(0)3(0)1(1)
49(0):24(1)12(0)6(0)3(0)1(1)

14
1:27>0.0500001
2:26>0.0555556
3:22>0.64125
5:20>0.32
7:6>95
14:18>0.451875
15:22>0.4575
28:1>35.7818
29:20>0.3
30:9>1.04623
57:17>0.00594034
59:18>0.350625
115:12>0.348989
230:21>0.49
15
4(0):2(0)1(0)
6(0):3(0)1(1)
10(1):5(0)2(1)1(0)
11(0):5(1)2(1)1(0)
31(0):15(1)7(1)3(1)1(1)
56(0):28(0)14(0)7(0)3(1)1(1)
58(1):29(0)14(1)7(0)3(1)1(1)
60(0):30(0)15(0)7(1)3(1)1(1)
61(1):30(1)15(0)7(1)3(1)1(1)
114(1):57(0)28(1)14(0)7(0)3(1)1(1)
118(1):59(0)29(1)14(1)7(0)3(1)1(1)
119(0):59(1)29(1)14(1)7(0)3(1)1(1)
231(1):115(1)57(1)28(1)14(0)7(0)3(1)1(1)
460(1):230(0)115(0)57(1)28(1)14(0)7(0)3(1)1(1)
461(0):230(1)115(0)57(1)28(1)14(0)7(0)3(1)1(1)

9
1:3>35.9329
2:4>22.5584
3:22>0.645
4:5>2.71367
7:7>14.887
14:5>2.96531
15:10>0.026422
28:14>0.13456
29:20>0.57875
10
5(0):2(1)1(0)
6(0):3(0)1(1)
8(1):4(0)2(0)1(0)
9(0):4(1)2(0)1(0)
30(0):15(0)7(1)3(1)1(1)
31(1):15(1)7(1)3(1)1(1)
56(0):28(0)14(0)7(0)3(1)1(1)
57(1):28(1)14(0)7(0)3(1)1(1)
58(0):29(0)14(1)7(0)3(1)1(1)
59(1):29(1)14(1)7(0)3(1)1(1)

9
1:22>0.395
2:21>0.515
3:16>0.01565
4:22>0.5825
5:0>24.6441
8:0>25.6016
9:27>0.111111
10:23>0.0797619
16:25>0.0944443
10
6(1):3(0)1(1)
7(0):3(1)1(1)
11(0):5(1)2(1)1(0)
17(0):8(1)4(0)2(0)1(0)
18(0):9(0)4(1)2(0)1(0)
19(1):9(1)4(1)2(0)1(0)
20(0):10(0)5(0)2(1)1(0)
21(1):10(1)5(0)2(1)1(0)
32(0):16(0)8(0)4(0)2(0)1(0)
33(1):16(1)8(0)4(0)2(0)1(0)

11
1:27>0.0611112
3:20>0.4275
6:1>23.6865
7:21>0.255
12:18>0.4525
13:20>0.44125
14:14>0.41814
28:11>0.247543
29:22>0.37
58:18>0.378691
117:2>5.69484
12
2(0):1(0)
15(0):7(1)3(1)1(1)
24(0):12(0)6(0)3(0)1(1)
25(1):12(1)6(0)3(0)1(1)
26(1):13(0)6(1)3(0)1(1)
27(0):13(1)6(1)3(0)1(1)
56(1):28(0)14(0)7(0)3(1)1(1)
57(0):28(1)14(0)7(0)3(1)1(1)
59(0):29(1)14(1)7(0)3(1)1(1)
116(1):58(0)29(0)14(1)7(0)3(1)1(1)
234(1):117(0)58(1)29(0)14(1)7(0)3(1)1(1)
235(1):117(1)58(1)29(0)14(1)7(0)3(1)1(1)

8
1:19>0.0708675
2:22>0.64125
3:18>0.538215
5:5>-0.16616
10:5>2.96883
20:18>0.402757
21:11>0.589785
42:10>0.253358
9
4(0):2(0)1(0)
6(1):3(0)1(1)
7(0):3(1)1(1)
11(0):5(1)2(1)1(0)
40(0):20(0)10(0)5(0)2(1)1(0)
41(1):20(1)10(0)5(0)2(1)1(0)
43(1):21(1)10(1)5(0)2(1)1(0)
84(1):42(0)21(0)10(1)5(0)2(1)1(0)
85(1):42(1)21(0)10(1)5(0)2(1)1(0)

9
1:26>0.0555556
3:22>0.64125
7:19>0.0636866
14:18>0.562466
28:12>0.184248
29:19>0.0705121
58:9>2.86795
117:6>143
234:6>146.5
10
2(0):1(0)
6(0):3(0)1(1)
15(0):7(1)3(1)1(1)
56(1):28(0)14(0)7(0)3(1)1(1)
57(0):28(1)14(0)7(0)3(1)1(1)
59(0):29(1)14(1)7(0)3(1)1(1)
116(1):58(0)29(0)14(1)7(0)3(1)1(1)
235(1):117(1)58(1)29(0)14(1)7(0)3(1)1(1)
468(1):234(0)117(0)58(1)29(0)14(1)7(0)3(1)1(1)
469(0):234(1)117(0)58(1)29(0)14(1)7(0)3(1)1(1)

7
1:1>30.3893
3:19>0.0705121
6:0>25.6016
7:21>0.515
12:22>0.69
13:22>0.5725
27:21>0.4925
8
2(0):1(0)
14(1):7(0)3(1)1(1)
15(0):7(1)3(1)1(1)
24(0):12(0)6(0)3(0)1(1)
25(1):12(1)6(0)3(0)1(1)
26(0):13(0)6(1)3(0)1(1)
54(1):27(0)13(1)6(1)3(0)1(1)
55(0):27(1)13(1)6(1)3(0)1(1)

9
1:27>0.0611112
3:22>0.64
7:0>25.7528
14:3>38.4023
15:5>2.6674
28:24>3.745e-18
30:4>14.7677
31:17>0.0386019
63:24>3.655e-18
10
2(0):1(0)
6(0):3(0)1(1)
29(1):14(1)7(0)3(1)1(1)
56(1):28(0)14(0)7(0)3(1)1(1)
57(0):28(1)14(0)7(0)3(1)1(1)
60(0):30(0)15(0)7(1)3(1)1(1)
61(1):30(1)15(0)7(1)3(1)1(1)
62(0):31(0)15(1)7(1)3(1)1(1)
126(1):63(0)31(1)15(1)7(1)3(1)1(1)
127(0):63(1)31(1)15(1)7(1)3(1)1(1)

7
1:1>30.3893
3:19>0.0705121
6:20>0.57875
7:22>0.515
13:14>0.0552334
26:3>26.156
27:24>0.00302406
8
2(0):1(0)
12(0):6(0)3(0)1(1)
14(1):7(0)3(1)1(1)
15(0):7(1)3(1)1(1)
52(1):26(0)13(0)6(1)3(0)1(1)
53(0):26(1)13(0)6(1)3(0)1(1)
54(1):27(0)13(1)6(1)3(0)1(1)
55(0):27(1)13(1)6(1)3(0)1(1)

9
1:27>0.0611112
3:0>25.7528
6:2>5.39246
7:5>2.59466
12:19>0.0533031
13:18>0.398968
14:19>0.136199
15:16>0.0210355
28:13>-0.0368008
10
2(0):1(0)
24(1):12(0)6(0)3(0)1(1)
25(0):12(1)6(0)3(0)1(1)
26(1):13(0)6(1)3(0)1(1)
27(0):13(1)6(1)3(0)1(1)
29(0):14(1)7(0)3(1)1(1)
30(0):15(0)7(1)3(1)1(1)
31(1):15(1)7(1)3(1)1(1)
56(0):28(0)14(0)7(0)3(1)1(1)
57(1):28(1)14(0)7(0)3(1)1(1)

9
1:23>0.0601852
3:21>0.3625
6:22>0.63625
7:10>0.0506123
13:19>0.0636866
26:2>1.36072
52:22>0.57875
104:12>1.85714
105:0>20.8642
10
2(0):1(0)
12(0):6(0)3(0)1(1)
14(0):7(0)3(1)1(1)
15(1):7(1)3(1)1(1)
27(0):13(1)6(1)3(0)1(1)
53(0):26(1)13(0)6(1)3(0)1(1)
208(0):104(0)52(0)26(0)13(0)6(1)3(0)1(1)
209(1):104(1)52(0)26(0)13(0)6(1)3(0)1(1)
210(1):105(0)52(1)26(0)13(0)6(1)3(0)1(1)
211(0):105(1)52(1)26(0)13(0)6(1)3(0)1(1)

8
1:0>26.0799
2:19>0.0636866
3:3>34.7738
4:16>0.00677711
7:18>0.526334
8:5>2.93624
15:22>0.43375
30:17>0.607415
9
5(0):2(1)1(0)
6(0):3(0)1(1)
9(1):4(1)2(0)1(0)
14(0):7(0)3(1)1(1)
16(0):8(0)4(0)2(0)1(0)
17(1):8(1)4(0)2(0)1(0)
31(0):15(1)7(1)3(1)1(1)
60(0):30(0)15(0)7(1)3(1)1(1)
61(1):30(1)15(0)7(1)3(1)1(1)

8
1:3>35.9329
2:9>0.0692966
3:0>25.6016
4:11>0.317055
5:22>0.595
6:27>0.0777778
7:13>-0.0368566
8:19>0.067301
9
9(0):4(1)2(0)1(0)
10(0):5(0)2(1)1(0)
11(1):5(1)2(1)1(0)
12(0):6(0)3(0)1(1)
13(1):6(1)3(0)1(1)
14(0):7(0)3(1)1(1)
15(1):7(1)3(1)1(1)
16(1):8(0)4(0)2(0)1(0)
17(0):8(1)4(0)2(0)1(0)

5
1:27>0.0611112
3:0>25.5512
6:19>0.0529529
7:10>0.14565
14:21>0.5175
6
2(0):1(0)
12(1):6(0)3(0)1(1)
13(0):6(1)3(0)1(1)
15(0):7(1)3(1)1(1)
28(1):14(0)7(0)3(1)1(1)
29(0):14(1)7(0)3(1)1(1)

9
1:25>0.0500001
3:3>36.0841
6:2>5.39246
7:20>0.6
12:12>0.986541
15:0>25.6016
30:8>1.57018
31:2>7.55952
60:21>0.36
10
2(0):1(0)
13(0):6(1)3(0)1(1)
14(0):7(0)3(1)1(1)
24(1):12(0)6(0)3(0)1(1)
25(0):12(1)6(0)3(0)1(1)
61(1):30(1)15(0)7(1)3(1)1(1)
62(1):31(0)15(1)7(1)3(1)1(1)
63(0):31(1)15(1)7(1)3(1)1(1)
120(1):60(0)30(0)15(0)7(1)3(1)1(1)
121(0):60(1)30(0)15(0)7(1)3(1)1(1)

10
1:26>0.0555556
3:2>7.20674
6:17>0.329435
7:0>27.1639
13:18>0.557708
14:18>0.350049
15:15>-0.0630528
26:24>0.0129216
31:21>0.37
62:21>0.5875
11
2(0):1(0)
12(0):6(0)3(0)1(1)
27(1):13(1)6(1)3(0)1(1)
28(1):14(0)7(0)3(1)1(1)
29(0):14(1)7(0)3(1)1(1)
30(0):15(0)7(1)3(1)1(1)
52(0):26(0)13(0)6(1)3(0)1(1)
53(1):26(1)13(0)6(1)3(0)1(1)
63(0):31(1)15(1)7(1)3(1)1(1)
124(0):62(0)31(0)15(1)7(1)3(1)1(1)
125(1):62(1)31(0)15(1)7(1)3(1)1(1)

8
1:1>30.2381
3:21>0.3675
6:2>4.33413
7:8>0.173647
12:4>15.8819
13:18>0.437986
15:19>0.0628864
25:2>10.3314
9
2(0):1(0)
14(0):7(0)3(1)1(1)
24(1):12(0)6(0)3(0)1(1)
26(0):13(0)6(1)3(0)1(1)
27(1):13(1)6(1)3(0)1(1)
30(1):15(0)7(1)3(1)1(1)
31(0):15(1)7(1)3(1)1(1)
50(1):25(0)12(1)6(0)3(0)1(1)
51(0):25(1)12(1)6(0)3(0)1(1)

9
1:2>3.98135
2:26>0.0555556
3:3>34.673
5:1>31.9516
7:15>-0.00479805
11:18>0.342133
22:22>0.645
23:23>0.0615873
45:20>0.57875
10
4(0):2(0)1(0)
6(0):3(0)1(1)
10(0):5(0)2(1)1(0)
14(0):7(0)3(1)1(1)
15(1):7(1)3(1)1(1)
44(0):22(0)11(0)5(1)2(1)1(0)
46(1):23(0)11(1)5(1)2(1)1(0)
47(0):23(1)11(1)5(1)2(1)1(0)
90(0):45(0)22(1)11(0)5(1)2(1)1(0)
91(1):45(1)22(1)11(0)5(1)2(1)1(0)

10
1:19>0.0708675
2:18>0.553924
3:0>29.8358
5:20>0.4125
6:25>0.0527778
10:25>0.0805558
11:12>4.63427
21:17>0.00339731
23:1>30.7202
42:1>30.994
11
4(0):2(0)1(0)
7(0):3(1)1(1)
12(0):6(0)3(0)1(1)
13(1):6(1)3(0)1(1)
20(0):10(0)5(0)2(1)1(0)
22(0):11(0)5(1)2(1)1(0)
43(0):21(1)10(1)5(0)2(1)1(0)
46(0):23(0)11(1)5(1)2(1)1(0)
47(1):23(1)11(1)5(1)2(1)1(0)
84(0):42(0)21(0)10(1)5(0)2(1)1(0)
85(1):42(1)21(0)10(1)5(0)2(1)1(0)

9
1:0>26.9623
2:1>31.4476
3:16>0.0182782
5:8>1.85725
6:20>0.205972
7:3>33.0603
11:2>14.7158
15:18>0.451518
22:26>0.0722223
10
4(0):2(0)1(0)
10(0):5(0)2(1)1(0)
12(1):6(0)3(0)1(1)
13(0):6(1)3(0)1(1)
14(0):7(0)3(1)1(1)
23(1):11(1)5(1)2(1)1(0)
30(0):15(0)7(1)3(1)1(1)
31(1):15(1)7(1)3(1)1(1)
44(0):22(0)11(0)5(1)2(1)1(0)
45(1):22(1)11(0)5(1)2(1)1(0)

9
1:1>29.8853
2:3>30.8933
3:27>0.0652778
7:22>0.645
15:7>14.3942
30:19>0.141236
31:17>0.00539341
60:1>20.2595
120:22>0.53375
10
4(0):2(0)1(0)
5(1):2(1)1(0)
6(0):3(0)1(1)
14(0):7(0)3(1)1(1)
61(1):30(1)15(0)7(1)3(1)1(1)
62(0):31(0)15(1)7(1)3(1)1(1)
63(1):31(1)15(1)7(1)3(1)1(1)
121(1):60(1)30(0)15(0)7(1)3(1)1(1)
240(0):120(0)60(0)30(0)15(0)7(1)3(1)1(1)
241(1):120(1)60(0)30(0)15(0)7(1)3(1)1(1)

9
1:22>0.4375
2:1>31.8004
3:19>0.0788995
5:0>25.6016
6:26>0.0777777
7:1>27.4663
11:2>4.33413
15:27>0.0888887
22:18>0.526334
10
4(0):2(0)1(0)
10(1):5(0)2(1)1(0)
12(0):6(0)3(0)1(1)
13(1):6(1)3(0)1(1)
14(0):7(0)3(1)1(1)
23(0):11(1)5(1)2(1)1(0)
30(0):15(0)7(1)3(1)1(1)
31(1):15(1)7(1)3(1)1(1)
44(0):22(0)11(0)5(1)2(1)1(0)
45(1):22(1)11(0)5(1)2(1)1(0)

8
1:1>30.3893
3:21>0.215588
6:22>0.64125
13:6>59.5
26:7>15.1719
52:9>0.0596584
53:22>0.425
104:3>26.156
9
2(0):1(0)
7(0):3(1)1(1)
12(0):6(0)3(0)1(1)
27(0):13(1)6(1)3(0)1(1)
105(1):52(1)26(0)13(0)6(1)3(0)1(1)
106(1):53(0)26(1)13(0)6(1)3(0)1(1)
107(0):53(1)26(1)13(0)6(1)3(0)1(1)
208(1):104(0)52(0)26(0)13(0)6(1)3(0)1(1)
209(0):104(1)52(0)26(0)13(0)6(1)3(0)1(1)

9
1:27>0.0611112
3:3>35.9329
6:12>1.33707
7:4>13.5769
13:11>0.119784
14:2>3.67897
27:22>0.62625
28:0>25.1985
56:10>0.885676
10
2(0):1(0)
12(1):6(0)3(0)1(1)
15(0):7(1)3(1)1(1)
26(0):13(0)6(1)3(0)1(1)
29(0):14(1)7(0)3(1)1(1)
54(0):27(0)13(1)6(1)3(0)1(1)
55(1):27(1)13(1)6(1)3(0)1(1)
57(0):28(1)14(0)7(0)3(1)1(1)
112(0):56(0)28(0)14(0)7(0)3(1)1(1)
113(1):56(1)28(0)14(0)7(0)3(1)1(1)

5
1:1>30.3893
3:21>0.36
6:0>25.6016
13:22>0.57
27:17>0.00496181
6
2(0):1(0)
7(0):3(1)1(1)
12(1):6(0)3(0)1(1)
26(0):13(0)6(1)3(0)1(1)
54(0):27(0)13(1)6(1)3(0)1(1)
55(1):27(1)13(1)6(1)3(0)1(1)

11
1:25>0.0500001
3:2>3.93095
6:6>95
7:20>0.4075
12:0>26.6095
13:6>60.5
15:17>0.024858
25:3>35.177
26:19>0.0827905
51:22>0.625
52:1>32.5564
12
2(0):1(0)
14(0):7(0)3(1)1(1)
24(1):12(0)6(0)3(0)1(1)
27(0):13(1)6(1)3(0)1(1)
30(0):15(0)7(1)3(1)1(1)
31(1):15(1)7(1)3(1)1(1)
50(0):25(0)12(1)6(0)3(0)1(1)
53(0):26(1)13(0)6(1)3(0)1(1)
102(0):51(0)25(1)12(1)6(0)3(0)1(1)
103(1):51(1)25(1)12(1)6(0)3(0)1(1)
104(0):52(0)26(0)13(0)6(1)3(0)1(1)
105(1):52(1)26(0)13(0)6(1)3(0)1(1)

