50
15
1:22>115.35
2:27>0.084545
3:25>0.4087
6:7>0.05352
7:23>754.05
14:21>27.46
15:12>6.5405
28:8>0.1541
29:16>0.05571
31:27>0.142
56:0>14.885
59:6>0.094195
63:18>0.01649
127:21>33.105
255:4>0.09959
16
4(0):2(0)1(0)
5(1):2(1)1(0)
12(0):6(0)3(0)1(1)
13(1):6(1)3(0)1(1)
30(0):15(0)7(1)3(1)1(1)
57(1):28(1)14(0)7(0)3(1)1(1)
58(0):29(0)14(1)7(0)3(1)1(1)
62(1):31(0)15(1)7(1)3(1)1(1)
112(0):56(0)28(0)14(0)7(0)3(1)1(1)
113(0):56(1)28(0)14(0)7(0)3(1)1(1)
118(1):59(0)29(1)14(1)7(0)3(1)1(1)
119(1):59(1)29(1)14(1)7(0)3(1)1(1)
126(1):63(0)31(1)15(1)7(1)3(1)1(1)
254(1):127(0)63(1)31(1)15(1)7(1)3(1)1(1)
510(1):255(0)127(1)63(1)31(1)15(1)7(1)3(1)1(1)
511(1):255(1)127(1)63(1)31(1)15(1)7(1)3(1)1(1)

19
1:13>35.185
2:4>0.08172
3:7>0.052685
4:3>438.1
6:16>0.02143
7:20>16.825
8:23>805.25
12:26>0.319
13:23>1166.4
15:22>101.55
16:14>0.0098725
24:28>0.26375
30:4>0.08223
31:3>505.2
32:25>0.33785
48:12>1.54
60:24>0.1549
62:15>0.012025
125:29>0.08046
20
5(1):2(1)1(0)
9(1):4(1)2(0)1(0)
14(0):7(0)3(1)1(1)
17(1):8(1)4(0)2(0)1(0)
25(1):12(1)6(0)3(0)1(1)
26(0):13(0)6(1)3(0)1(1)
27(1):13(1)6(1)3(0)1(1)
33(0):16(1)8(0)4(0)2(0)1(0)
49(1):24(1)12(0)6(0)3(0)1(1)
61(0):30(1)15(0)7(1)3(1)1(1)
63(1):31(1)15(1)7(1)3(1)1(1)
64(1):32(0)16(0)8(0)4(0)2(0)1(0)
65(0):32(1)16(0)8(0)4(0)2(0)1(0)
96(0):48(0)24(0)12(0)6(0)3(0)1(1)
97(1):48(1)24(0)12(0)6(0)3(0)1(1)
120(0):60(0)30(0)15(0)7(1)3(1)1(1)
121(1):60(1)30(0)15(0)7(1)3(1)1(1)
124(1):62(0)31(0)15(1)7(1)3(1)1(1)
250(0):125(0)62(1)31(0)15(1)7(1)3(1)1(1)
251(1):125(1)62(1)31(0)15(1)7(1)3(1)1(1)

16
1:2>90.365
2:12>2.3535
3:27>0.14785
4:22>109.45
5:9>0.06281
6:24>0.1447
7:20>16.65
8:29>0.060815
9:19>0.0099875
10:26>0.26695
11:16>0.041905
15:10>0.6431
16:14>0.0042105
23:17>0.0083295
31:24>0.19055
63:23>768.95
17
12(0):6(0)3(0)1(1)
13(1):6(1)3(0)1(1)
14(0):7(0)3(1)1(1)
17(1):8(1)4(0)2(0)1(0)
18(1):9(0)4(1)2(0)1(0)
19(0):9(1)4(1)2(0)1(0)
20(0):10(0)5(0)2(1)1(0)
21(1):10(1)5(0)2(1)1(0)
22(0):11(0)5(1)2(1)1(0)
30(1):15(0)7(1)3(1)1(1)
32(0):16(0)8(0)4(0)2(0)1(0)
33(0):16(1)8(0)4(0)2(0)1(0)
46(1):23(0)11(1)5(1)2(1)1(0)
47(1):23(1)11(1)5(1)2(1)1(0)
62(0):31(0)15(1)7(1)3(1)1(1)
126(1):63(0)31(1)15(1)7(1)3(1)1(1)
127(1):63(1)31(1)15(1)7(1)3(1)1(1)

15
1:7>0.0501
2:1>14.16
3:20>17.74
4:20>14.855
5:20>18.145
6:27>0.084545
7:10>0.95525
8:19>0.01771
9:24>0.18445
15:20>15.58
17:22>108.7
19:15>0.034195
30:3>592.8
35:26>0.3156
60:17>0.01596
16
10(0):5(0)2(1)1(0)
11(1):5(1)2(1)1(0)
12(0):6(0)3(0)1(1)
13(1):6(1)3(0)1(1)
14(0):7(0)3(1)1(1)
16(1):8(0)4(0)2(0)1(0)
18(0):9(0)4(1)2(0)1(0)
31(1):15(1)7(1)3(1)1(1)
34(0):17(0)8(1)4(0)2(0)1(0)
38(1):19(0)9(1)4(1)2(0)1(0)
39(1):19(1)9(1)4(1)2(0)1(0)
61(0):30(1)15(0)7(1)3(1)1(1)
70(0):35(0)17(1)8(1)4(0)2(0)1(0)
71(1):35(1)17(1)8(1)4(0)2(0)1(0)
120(0):60(0)30(0)15(0)7(1)3(1)1(1)
121(1):60(1)30(0)15(0)7(1)3(1)1(1)

15
1:22>105.15
2:1>16.95
3:25>0.4087
4:20>16.825
5:23>968.7
6:5>0.15915
7:13>79.825
9:27>0.1513
11:24>0.17015
15:19>0.001315
23:29>0.0963
30:4>0.12105
61:13>47.035
123:0>14.565
246:27>0.1188
16
8(0):4(0)2(0)1(0)
10(0):5(0)2(1)1(0)
12(0):6(0)3(0)1(1)
13(1):6(1)3(0)1(1)
14(0):7(0)3(1)1(1)
18(0):9(0)4(1)2(0)1(0)
19(1):9(1)4(1)2(0)1(0)
22(0):11(0)5(1)2(1)1(0)
31(1):15(1)7(1)3(1)1(1)
46(0):23(0)11(1)5(1)2(1)1(0)
47(1):23(1)11(1)5(1)2(1)1(0)
60(1):30(0)15(0)7(1)3(1)1(1)
122(1):61(0)30(1)15(0)7(1)3(1)1(1)
247(1):123(1)61(1)30(1)15(0)7(1)3(1)1(1)
492(0):246(0)123(0)61(1)30(1)15(0)7(1)3(1)1(1)
493(1):246(1)123(0)61(1)30(1)15(0)7(1)3(1)1(1)

13
1:7>0.04923
2:26>0.2248
3:13>41.535
4:2>98.43
5:22>119.35
7:2>98.475
8:23>865.4
9:13>13.475
15:22>92.02
18:21>20.355
30:1>22.455
60:29>0.07848
61:1>21.17
14
6(0):3(0)1(1)
10(0):5(0)2(1)1(0)
11(1):5(1)2(1)1(0)
14(1):7(0)3(1)1(1)
16(0):8(0)4(0)2(0)1(0)
17(0):8(1)4(0)2(0)1(0)
19(1):9(1)4(1)2(0)1(0)
31(1):15(1)7(1)3(1)1(1)
36(0):18(0)9(0)4(1)2(0)1(0)
37(1):18(1)9(0)4(1)2(0)1(0)
120(0):60(0)30(0)15(0)7(1)3(1)1(1)
121(1):60(1)30(0)15(0)7(1)3(1)1(1)
122(1):61(0)30(1)15(0)7(1)3(1)1(1)
123(1):61(1)30(1)15(0)7(1)3(1)1(1)

13
1:23>868.2
2:21>18.445
3:27>0.13655
4:26>0.18205
6:14>0.005792
7:1>21.435
12:23>492.25
13:27>0.1732
14:23>646.45
24:10>0.1872
28:13>20.195
56:4>0.09316
113:11>0.86885
14
5(1):2(1)1(0)
8(0):4(0)2(0)1(0)
9(0):4(1)2(0)1(0)
15(1):7(1)3(1)1(1)
25(1):12(1)6(0)3(0)1(1)
26(0):13(0)6(1)3(0)1(1)
27(1):13(1)6(1)3(0)1(1)
29(1):14(1)7(0)3(1)1(1)
48(0):24(0)12(0)6(0)3(0)1(1)
49(1):24(1)12(0)6(0)3(0)1(1)
57(0):28(1)14(0)7(0)3(1)1(1)
112(0):56(0)28(0)14(0)7(0)3(1)1(1)
226(1):113(0)56(1)28(0)14(0)7(0)3(1)1(1)
227(0):113(1)56(1)28(0)14(0)7(0)3(1)1(1)

21
1:0>15.235
2:6>0.07214
3:6>0.073925
4:13>20.98
5:9>0.05571
6:23>710.2
7:18>0.010955
11:4>0.07471
12:22>106.05
13:27>0.21625
14:13>42.32
24:4>0.08916
25:26>0.37445
27:12>1.8535
28:15>0.014275
29:26>0.36175
48:21>19.6
55:15>0.018605
59:19>0.001323
96:1>16.605
119:19>0.0012525
22
8(0):4(0)2(0)1(0)
9(1):4(1)2(0)1(0)
10(1):5(0)2(1)1(0)
15(0):7(1)3(1)1(1)
22(0):11(0)5(1)2(1)1(0)
23(1):11(1)5(1)2(1)1(0)
26(0):13(0)6(1)3(0)1(1)
49(1):24(1)12(0)6(0)3(0)1(1)
50(0):25(0)12(1)6(0)3(0)1(1)
51(1):25(1)12(1)6(0)3(0)1(1)
54(1):27(0)13(1)6(1)3(0)1(1)
56(1):28(0)14(0)7(0)3(1)1(1)
57(0):28(1)14(0)7(0)3(1)1(1)
58(0):29(0)14(1)7(0)3(1)1(1)
97(1):48(1)24(0)12(0)6(0)3(0)1(1)
110(1):55(0)27(1)13(1)6(1)3(0)1(1)
111(0):55(1)27(1)13(1)6(1)3(0)1(1)
118(1):59(0)29(1)14(1)7(0)3(1)1(1)
192(0):96(0)48(0)24(0)12(0)6(0)3(0)1(1)
193(0):96(1)48(0)24(0)12(0)6(0)3(0)1(1)
238(0):119(0)59(1)29(1)14(1)7(0)3(1)1(1)
239(1):119(1)59(1)29(1)14(1)7(0)3(1)1(1)

14
1:23>884.55
2:1>15.82
3:25>0.3901
5:15>0.020455
6:16>0.06672
7:27>0.13055
13:10>0.19345
14:29>0.093295
15:26>0.2082
29:21>29.485
30:16>0.0145
31:4>0.09959
60:15>0.01239
62:24>0.11385
15
4(0):2(0)1(0)
10(0):5(0)2(1)1(0)
11(1):5(1)2(1)1(0)
12(1):6(0)3(0)1(1)
26(0):13(0)6(1)3(0)1(1)
27(1):13(1)6(1)3(0)1(1)
28(0):14(0)7(0)3(1)1(1)
58(0):29(0)14(1)7(0)3(1)1(1)
59(1):29(1)14(1)7(0)3(1)1(1)
61(0):30(1)15(0)7(1)3(1)1(1)
63(1):31(1)15(1)7(1)3(1)1(1)
120(1):60(0)30(0)15(0)7(1)3(1)1(1)
121(0):60(1)30(0)15(0)7(1)3(1)1(1)
124(1):62(0)31(0)15(1)7(1)3(1)1(1)
125(0):62(1)31(0)15(1)7(1)3(1)1(1)

16
1:7>0.052685
2:22>114.35
3:0>14.98
5:26>0.26395
6:6>0.03872
7:23>766.45
10:27>0.1535
12:28>0.3198
14:10>0.41305
15:24>0.1417
20:22>97.155
21:21>24.47
25:28>0.2601
29:26>0.4102
30:3>505.55
59:20>15.955
17
4(0):2(0)1(0)
11(1):5(1)2(1)1(0)
13(0):6(1)3(0)1(1)
24(0):12(0)6(0)3(0)1(1)
28(0):14(0)7(0)3(1)1(1)
31(1):15(1)7(1)3(1)1(1)
40(0):20(0)10(0)5(0)2(1)1(0)
41(0):20(1)10(0)5(0)2(1)1(0)
42(0):21(0)10(1)5(0)2(1)1(0)
43(1):21(1)10(1)5(0)2(1)1(0)
50(1):25(0)12(1)6(0)3(0)1(1)
51(1):25(1)12(1)6(0)3(0)1(1)
58(0):29(0)14(1)7(0)3(1)1(1)
60(0):30(0)15(0)7(1)3(1)1(1)
61(1):30(1)15(0)7(1)3(1)1(1)
118(1):59(0)29(1)14(1)7(0)3(1)1(1)
119(0):59(1)29(1)14(1)7(0)3(1)1(1)

14
1:22>114.4
2:4>0.077325
3:27>0.14705
4:23>759.1
6:7>0.050355
7:13>42.95
12:23>474.1
15:23>950.65
24:24>0.107595
31:9>0.054245
48:21>24.515
62:26>0.31975
63:21>30.365
124:19>0.003122
15
5(1):2(1)1(0)
8(0):4(0)2(0)1(0)
9(1):4(1)2(0)1(0)
13(1):6(1)3(0)1(1)
14(0):7(0)3(1)1(1)
25(1):12(1)6(0)3(0)1(1)
30(0):15(0)7(1)3(1)1(1)
49(1):24(1)12(0)6(0)3(0)1(1)
96(0):48(0)24(0)12(0)6(0)3(0)1(1)
97(1):48(1)24(0)12(0)6(0)3(0)1(1)
125(1):62(1)31(0)15(1)7(1)3(1)1(1)
126(0):63(0)31(1)15(1)7(1)3(1)1(1)
127(1):63(1)31(1)15(1)7(1)3(1)1(1)
248(1):124(0)62(0)31(0)15(1)7(1)3(1)1(1)
249(0):124(1)62(0)31(0)15(1)7(1)3(1)1(1)

13
1:27>0.14235
2:13>18.335
3:0>15.11
4:23>724.15
6:24>0.1239
7:20>16.375
8:21>20.625
13:9>0.054845
14:3>602.65
15:14>0.003294
17:5>0.1089
30:29>0.06916
61:12>4.1185
14
5(1):2(1)1(0)
9(0):4(1)2(0)1(0)
12(0):6(0)3(0)1(1)
16(0):8(0)4(0)2(0)1(0)
26(1):13(0)6(1)3(0)1(1)
27(0):13(1)6(1)3(0)1(1)
28(1):14(0)7(0)3(1)1(1)
29(0):14(1)7(0)3(1)1(1)
31(1):15(1)7(1)3(1)1(1)
34(0):17(0)8(1)4(0)2(0)1(0)
35(1):17(1)8(1)4(0)2(0)1(0)
60(1):30(0)15(0)7(1)3(1)1(1)
122(1):61(0)30(1)15(0)7(1)3(1)1(1)
123(1):61(1)30(1)15(0)7(1)3(1)1(1)

12
1:22>116.25
2:27>0.09152
3:24>0.1735
6:23>617.05
7:23>879.55
14:21>22.395
15:1>21.435
30:0>12.695
31:27>0.16265
60:28>0.2746
120:29>0.1051
121:17>0.01387
13
4(0):2(0)1(0)
5(0):2(1)1(0)
12(0):6(0)3(0)1(1)
13(1):6(1)3(0)1(1)
28(0):14(0)7(0)3(1)1(1)
29(1):14(1)7(0)3(1)1(1)
61(1):30(1)15(0)7(1)3(1)1(1)
62(0):31(0)15(1)7(1)3(1)1(1)
63(1):31(1)15(1)7(1)3(1)1(1)
240(1):120(0)60(0)30(0)15(0)7(1)3(1)1(1)
241(0):120(1)60(0)30(0)15(0)7(1)3(1)1(1)
242(0):121(0)60(1)30(0)15(0)7(1)3(1)1(1)
243(1):121(1)60(1)30(0)15(0)7(1)3(1)1(1)

17
1:3>699.05
2:12>2.0235
3:23>754.05
4:15>0.008348
5:21>23.64
6:27>0.111
7:26>0.38415
8:23>1041
12:27>0.16065
14:2>71.815
15:8>0.15865
17:28>0.25415
25:21>20.355
28:3>507.7
31:1>22.345
50:0>14.78
101:16>0.03658
18
9(1):4(1)2(0)1(0)
10(0):5(0)2(1)1(0)
11(1):5(1)2(1)1(0)
13(1):6(1)3(0)1(1)
16(0):8(0)4(0)2(0)1(0)
24(0):12(0)6(0)3(0)1(1)
29(1):14(1)7(0)3(1)1(1)
30(1):15(0)7(1)3(1)1(1)
34(0):17(0)8(1)4(0)2(0)1(0)
35(1):17(1)8(1)4(0)2(0)1(0)
51(1):25(1)12(1)6(0)3(0)1(1)
56(1):28(0)14(0)7(0)3(1)1(1)
57(0):28(1)14(0)7(0)3(1)1(1)
62(1):31(0)15(1)7(1)3(1)1(1)
63(1):31(1)15(1)7(1)3(1)1(1)
100(1):50(0)25(0)12(1)6(0)3(0)1(1)
202(1):101(0)50(1)25(0)12(1)6(0)3(0)1(1)
203(0):101(1)50(1)25(0)12(1)6(0)3(0)1(1)

16
1:27>0.14235
2:23>668.4
3:23>960.5
4:21>15.435
5:24>0.17225
6:6>0.06406
7:10>1.04755
8:5>0.10215
13:26>0.1981
15:1>23.19
17:0>14.77
30:9>0.054245
31:23>785.75
60:26>0.33595
62:9>0.065295
125:23>790.8
17
9(1):4(1)2(0)1(0)
10(0):5(0)2(1)1(0)
11(1):5(1)2(1)1(0)
12(0):6(0)3(0)1(1)
14(0):7(0)3(1)1(1)
16(0):8(0)4(0)2(0)1(0)
26(0):13(0)6(1)3(0)1(1)
27(1):13(1)6(1)3(0)1(1)
34(0):17(0)8(1)4(0)2(0)1(0)
35(1):17(1)8(1)4(0)2(0)1(0)
61(0):30(1)15(0)7(1)3(1)1(1)
63(1):31(1)15(1)7(1)3(1)1(1)
120(0):60(0)30(0)15(0)7(1)3(1)1(1)
121(1):60(1)30(0)15(0)7(1)3(1)1(1)
124(1):62(0)31(0)15(1)7(1)3(1)1(1)
250(1):125(0)62(1)31(0)15(1)7(1)3(1)1(1)
251(0):125(1)62(1)31(0)15(1)7(1)3(1)1(1)

19
1:27>0.14545
2:22>97.155
3:22>115.1
4:20>16.28
6:29>0.066435
7:14>0.003299
9:4>0.09353
12:20>17.81
14:12>6.5405
15:1>19.9
18:3>609.5
29:7>0.0447
58:28>0.26585
59:12>3.734
116:1>20.655
117:13>22.01
119:6>0.046595
233:7>0.05249
238:16>0.023335
20
5(1):2(1)1(0)
8(0):4(0)2(0)1(0)
13(1):6(1)3(0)1(1)
19(1):9(1)4(1)2(0)1(0)
24(0):12(0)6(0)3(0)1(1)
25(1):12(1)6(0)3(0)1(1)
28(0):14(0)7(0)3(1)1(1)
30(0):15(0)7(1)3(1)1(1)
31(1):15(1)7(1)3(1)1(1)
36(1):18(0)9(0)4(1)2(0)1(0)
37(0):18(1)9(0)4(1)2(0)1(0)
118(1):59(0)29(1)14(1)7(0)3(1)1(1)
232(1):116(0)58(0)29(0)14(1)7(0)3(1)1(1)
234(0):117(0)58(1)29(0)14(1)7(0)3(1)1(1)
235(1):117(1)58(1)29(0)14(1)7(0)3(1)1(1)
239(1):119(1)59(1)29(1)14(1)7(0)3(1)1(1)
466(1):233(0)116(1)58(0)29(0)14(1)7(0)3(1)1(1)
467(1):233(1)116(1)58(0)29(0)14(1)7(0)3(1)1(1)
476(1):238(0)119(0)59(1)29(1)14(1)7(0)3(1)1(1)
477(1):238(1)119(0)59(1)29(1)14(1)7(0)3(1)1(1)

16
1:22>114.6
2:1>13.745
3:27>0.14705
4:26>0.17975
6:21>24.785
7:22>107.6
12:23>522.05
14:19>0.0058155
15:10>0.62555
24:4>0.09096
29:29>0.07038
31:19>0.001323
58:21>20.085
62:1>22.455
124:3>663.7
249:24>0.1384
17
5(1):2(1)1(0)
8(0):4(0)2(0)1(0)
9(1):4(1)2(0)1(0)
13(1):6(1)3(0)1(1)
25(1):12(1)6(0)3(0)1(1)
28(0):14(0)7(0)3(1)1(1)
30(1):15(0)7(1)3(1)1(1)
48(0):24(0)12(0)6(0)3(0)1(1)
49(1):24(1)12(0)6(0)3(0)1(1)
59(1):29(1)14(1)7(0)3(1)1(1)
63(1):31(1)15(1)7(1)3(1)1(1)
116(1):58(0)29(0)14(1)7(0)3(1)1(1)
117(1):58(1)29(0)14(1)7(0)3(1)1(1)
125(1):62(1)31(0)15(1)7(1)3(1)1(1)
248(0):124(0)62(0)31(0)15(1)7(1)3(1)1(1)
498(0):249(0)124(1)62(0)31(0)15(1)7(1)3(1)1(1)
499(1):249(1)124(1)62(0)31(0)15(1)7(1)3(1)1(1)

15
1:22>115.35
2:26>0.1981
3:26>0.35995
6:7>0.0508
7:2>90.115
12:24>0.13975
13:29>0.08332
14:1>20.68
15:21>33.35
24:28>0.27605
28:24>0.1106
29:3>610.4
31:11>2.092
48:24>0.15935
62:11>2.1525
16
4(0):2(0)1(0)
5(1):2(1)1(0)
25(1):12(1)6(0)3(0)1(1)
26(1):13(0)6(1)3(0)1(1)
27(0):13(1)6(1)3(0)1(1)
30(1):15(0)7(1)3(1)1(1)
49(1):24(1)12(0)6(0)3(0)1(1)
56(0):28(0)14(0)7(0)3(1)1(1)
57(1):28(1)14(0)7(0)3(1)1(1)
58(1):29(0)14(1)7(0)3(1)1(1)
59(0):29(1)14(1)7(0)3(1)1(1)
63(1):31(1)15(1)7(1)3(1)1(1)
96(0):48(0)24(0)12(0)6(0)3(0)1(1)
97(0):48(1)24(0)12(0)6(0)3(0)1(1)
124(1):62(0)31(0)15(1)7(1)3(1)1(1)
125(0):62(1)31(0)15(1)7(1)3(1)1(1)

17
1:23>884.55
2:12>1.752
3:22>101.95
4:6>0.06406
6:2>94.06
7:12>6.342
9:17>0.0098865
12:22>116.4
13:17>0.0065885
15:24>0.18165
19:29>0.06018
25:9>0.05643
26:1>15.485
31:11>2.092
38:10>0.24595
50:24>0.14085
62:8>0.1626
18
5(1):2(1)1(0)
8(0):4(0)2(0)1(0)
14(0):7(0)3(1)1(1)
18(1):9(0)4(1)2(0)1(0)
24(0):12(0)6(0)3(0)1(1)
27(1):13(1)6(1)3(0)1(1)
30(0):15(0)7(1)3(1)1(1)
39(1):19(1)9(1)4(1)2(0)1(0)
51(0):25(1)12(1)6(0)3(0)1(1)
52(0):26(0)13(0)6(1)3(0)1(1)
53(1):26(1)13(0)6(1)3(0)1(1)
63(1):31(1)15(1)7(1)3(1)1(1)
76(0):38(0)19(0)9(1)4(1)2(0)1(0)
77(1):38(1)19(0)9(1)4(1)2(0)1(0)
100(1):50(0)25(0)12(1)6(0)3(0)1(1)
101(1):50(1)25(0)12(1)6(0)3(0)1(1)
124(1):62(0)31(0)15(1)7(1)3(1)1(1)
125(1):62(1)31(0)15(1)7(1)3(1)1(1)

16
1:23>884.55
2:1>15.82
3:5>0.16785
4:6>0.062275
5:26>0.35755
6:28>0.3141
7:10>1.04755
9:29>0.07171
15:27>0.13185
30:1>20.675
31:10>0.6431
61:16>0.03394
63:14>0.003309
123:14>0.0060285
126:24>0.1417
252:9>0.06089
17
8(0):4(0)2(0)1(0)
10(0):5(0)2(1)1(0)
11(1):5(1)2(1)1(0)
12(0):6(0)3(0)1(1)
13(1):6(1)3(0)1(1)
14(0):7(0)3(1)1(1)
18(0):9(0)4(1)2(0)1(0)
19(1):9(1)4(1)2(0)1(0)
60(0):30(0)15(0)7(1)3(1)1(1)
62(1):31(0)15(1)7(1)3(1)1(1)
122(1):61(0)30(1)15(0)7(1)3(1)1(1)
127(0):63(1)31(1)15(1)7(1)3(1)1(1)
246(0):123(0)61(1)30(1)15(0)7(1)3(1)1(1)
247(1):123(1)61(1)30(1)15(0)7(1)3(1)1(1)
253(1):126(1)63(0)31(1)15(1)7(1)3(1)1(1)
504(1):252(0)126(0)63(0)31(1)15(1)7(1)3(1)1(1)
505(1):252(1)126(0)63(0)31(1)15(1)7(1)3(1)1(1)

15
1:23>936.2
2:27>0.09152
3:26>0.35995
4:25>0.17835
6:28>0.28555
7:6>0.082825
12:0>11.36
14:21>26.565
15:17>0.018815
24:16>0.09533
28:0>13.36
31:19>0.001321
62:26>0.2164
63:28>0.2852
124:26>0.2212
16
5(1):2(1)1(0)
8(0):4(0)2(0)1(0)
9(0):4(1)2(0)1(0)
13(1):6(1)3(0)1(1)
25(1):12(1)6(0)3(0)1(1)
29(1):14(1)7(0)3(1)1(1)
30(0):15(0)7(1)3(1)1(1)
48(1):24(0)12(0)6(0)3(0)1(1)
49(0):24(1)12(0)6(0)3(0)1(1)
56(0):28(0)14(0)7(0)3(1)1(1)
57(1):28(1)14(0)7(0)3(1)1(1)
125(1):62(1)31(0)15(1)7(1)3(1)1(1)
126(0):63(0)31(1)15(1)7(1)3(1)1(1)
127(1):63(1)31(1)15(1)7(1)3(1)1(1)
248(1):124(0)62(0)31(0)15(1)7(1)3(1)1(1)
249(0):124(1)62(0)31(0)15(1)7(1)3(1)1(1)

13
1:12>2.762
2:27>0.10915
3:6>0.09725
4:20>16.65
5:1>21.645
6:12>1.894
7:0>15.235
9:21>26
12:23>668.4
13:21>29.92
14:16>0.018025
15:9>0.055905
31:27>0.10565
14
8(0):4(0)2(0)1(0)
10(0):5(0)2(1)1(0)
11(1):5(1)2(1)1(0)
18(0):9(0)4(1)2(0)1(0)
19(1):9(1)4(1)2(0)1(0)
24(0):12(0)6(0)3(0)1(1)
25(1):12(1)6(0)3(0)1(1)
26(0):13(0)6(1)3(0)1(1)
27(1):13(1)6(1)3(0)1(1)
28(1):14(0)7(0)3(1)1(1)
29(0):14(1)7(0)3(1)1(1)
30(1):15(0)7(1)3(1)1(1)
62(0):31(0)15(1)7(1)3(1)1(1)
63(1):31(1)15(1)7(1)3(1)1(1)

15
1:13>34.935
2:0>13.35
3:22>102.4
4:15>0.008348
5:28>0.39345
6:26>0.3154
7:6>0.16015
8:20>16.32
12:8>0.1725
13:14>0.008638
15:21>33.105
16:4>0.077325
24:21>20.645
27:0>13.67
30:6>0.04383
16
9(1):4(1)2(0)1(0)
10(0):5(0)2(1)1(0)
11(1):5(1)2(1)1(0)
14(0):7(0)3(1)1(1)
17(1):8(1)4(0)2(0)1(0)
25(1):12(1)6(0)3(0)1(1)
26(0):13(0)6(1)3(0)1(1)
31(1):15(1)7(1)3(1)1(1)
32(0):16(0)8(0)4(0)2(0)1(0)
33(0):16(1)8(0)4(0)2(0)1(0)
48(0):24(0)12(0)6(0)3(0)1(1)
49(1):24(1)12(0)6(0)3(0)1(1)
54(1):27(0)13(1)6(1)3(0)1(1)
55(0):27(1)13(1)6(1)3(0)1(1)
60(0):30(0)15(0)7(1)3(1)1(1)
61(1):30(1)15(0)7(1)3(1)1(1)

14
1:27>0.1424
2:22>90.95
3:20>17.72
4:4>0.079285
6:1>19.72
7:10>0.4129
8:27>0.14895
14:2>85.78
15:2>87.61
16:26>0.3129
17:24>0.1311
29:18>0.020565
30:19>0.0014945
33:24>0.13395
15
5(1):2(1)1(0)
9(1):4(1)2(0)1(0)
12(0):6(0)3(0)1(1)
13(1):6(1)3(0)1(1)
28(0):14(0)7(0)3(1)1(1)
31(1):15(1)7(1)3(1)1(1)
32(0):16(0)8(0)4(0)2(0)1(0)
34(1):17(0)8(1)4(0)2(0)1(0)
35(0):17(1)8(1)4(0)2(0)1(0)
58(1):29(0)14(1)7(0)3(1)1(1)
59(0):29(1)14(1)7(0)3(1)1(1)
60(1):30(0)15(0)7(1)3(1)1(1)
61(1):30(1)15(0)7(1)3(1)1(1)
66(0):33(0)16(1)8(0)4(0)2(0)1(0)
67(1):33(1)16(1)8(0)4(0)2(0)1(0)

15
1:20>16.815
2:27>0.11535
3:27>0.14235
4:21>15.62
5:18>0.018275
6:23>724.15
7:20>15.85
8:1>14.895
11:16>0.017265
13:8>0.18505
14:21>29.18
15:13>91.555
29:24>0.13985
31:1>22.385
62:24>0.14125
16
9(1):4(1)2(0)1(0)
10(0):5(0)2(1)1(0)
12(0):6(0)3(0)1(1)
16(0):8(0)4(0)2(0)1(0)
17(0):8(1)4(0)2(0)1(0)
22(1):11(0)5(1)2(1)1(0)
23(0):11(1)5(1)2(1)1(0)
26(0):13(0)6(1)3(0)1(1)
27(1):13(1)6(1)3(0)1(1)
28(0):14(0)7(0)3(1)1(1)
30(0):15(0)7(1)3(1)1(1)
58(0):29(0)14(1)7(0)3(1)1(1)
59(1):29(1)14(1)7(0)3(1)1(1)
63(1):31(1)15(1)7(1)3(1)1(1)
124(0):62(0)31(0)15(1)7(1)3(1)1(1)
125(1):62(1)31(0)15(1)7(1)3(1)1(1)

15
1:6>0.093295
2:19>0.0076605
3:1>19.365
4:7>0.07941
5:20>17.035
6:7>0.051865
7:23>968.7
9:20>15.59
11:15>0.039095
13:22>101.45
23:12>1.813
26:17>0.0102715
27:18>0.010016
46:11>0.7991
54:12>1.474
16
8(0):4(0)2(0)1(0)
10(0):5(0)2(1)1(0)
12(0):6(0)3(0)1(1)
14(0):7(0)3(1)1(1)
15(1):7(1)3(1)1(1)
18(0):9(0)4(1)2(0)1(0)
19(1):9(1)4(1)2(0)1(0)
22(1):11(0)5(1)2(1)1(0)
47(1):23(1)11(1)5(1)2(1)1(0)
52(1):26(0)13(0)6(1)3(0)1(1)
53(0):26(1)13(0)6(1)3(0)1(1)
55(0):27(1)13(1)6(1)3(0)1(1)
92(0):46(0)23(0)11(1)5(1)2(1)1(0)
93(1):46(1)23(0)11(1)5(1)2(1)1(0)
108(1):54(0)27(0)13(1)6(1)3(0)1(1)
109(1):54(1)27(0)13(1)6(1)3(0)1(1)

21
1:16>0.020955
2:13>31.3
3:22>117.45
4:23>874.85
5:26>0.40135
7:17>0.019135
8:6>0.062215
9:24>0.14595
10:20>14.855
11:27>0.15085
15:7>0.030775
19:19>0.003311
20:16>0.11138
21:21>31.65
30:27>0.13055
31:22>102.4
41:1>16.395
43:14>0.005464
61:29>0.09366
82:21>25.76
123:28>0.20775
22
6(0):3(0)1(1)
14(0):7(0)3(1)1(1)
16(0):8(0)4(0)2(0)1(0)
17(1):8(1)4(0)2(0)1(0)
18(0):9(0)4(1)2(0)1(0)
22(0):11(0)5(1)2(1)1(0)
23(1):11(1)5(1)2(1)1(0)
38(1):19(0)9(1)4(1)2(0)1(0)
39(0):19(1)9(1)4(1)2(0)1(0)
40(1):20(0)10(0)5(0)2(1)1(0)
42(0):21(0)10(1)5(0)2(1)1(0)
60(0):30(0)15(0)7(1)3(1)1(1)
62(1):31(0)15(1)7(1)3(1)1(1)
63(1):31(1)15(1)7(1)3(1)1(1)
83(1):41(1)20(1)10(0)5(0)2(1)1(0)
86(1):43(0)21(1)10(1)5(0)2(1)1(0)
87(0):43(1)21(1)10(1)5(0)2(1)1(0)
122(0):61(0)30(1)15(0)7(1)3(1)1(1)
164(0):82(0)41(0)20(1)10(0)5(0)2(1)1(0)
165(1):82(1)41(0)20(1)10(0)5(0)2(1)1(0)
246(1):123(0)61(1)30(1)15(0)7(1)3(1)1(1)
247(0):123(1)61(1)30(1)15(0)7(1)3(1)1(1)

14
1:13>31.245
2:20>16.16
3:27>0.14645
4:27>0.10915
5:1>22.265
6:26>1.1785
7:22>115.1
9:21>20.8
13:21>23.74
15:23>952.9
18:13>37.045
26:7>0.050355
31:1>22.455
62:24>0.14125
15
8(0):4(0)2(0)1(0)
10(0):5(0)2(1)1(0)
11(1):5(1)2(1)1(0)
12(1):6(0)3(0)1(1)
14(0):7(0)3(1)1(1)
19(1):9(1)4(1)2(0)1(0)
27(1):13(1)6(1)3(0)1(1)
30(0):15(0)7(1)3(1)1(1)
36(0):18(0)9(0)4(1)2(0)1(0)
37(1):18(1)9(0)4(1)2(0)1(0)
52(0):26(0)13(0)6(1)3(0)1(1)
53(1):26(1)13(0)6(1)3(0)1(1)
63(1):31(1)15(1)7(1)3(1)1(1)
124(0):62(0)31(0)15(1)7(1)3(1)1(1)
125(1):62(1)31(0)15(1)7(1)3(1)1(1)

17
1:13>31.375
2:4>0.08172
3:25>0.4087
4:2>89.99
6:5>0.16175
7:20>16.225
8:23>869.3
9:2>74.86
12:11>1.458
13:19>0.00411
14:0>14
15:26>0.20385
17:14>0.0056095
18:13>33.725
28:24>0.1246
30:15>0.01292
34:2>95.785
18
5(1):2(1)1(0)
16(0):8(0)4(0)2(0)1(0)
19(1):9(1)4(1)2(0)1(0)
24(1):12(0)6(0)3(0)1(1)
25(0):12(1)6(0)3(0)1(1)
26(1):13(0)6(1)3(0)1(1)
27(0):13(1)6(1)3(0)1(1)
29(0):14(1)7(0)3(1)1(1)
31(1):15(1)7(1)3(1)1(1)
35(1):17(1)8(1)4(0)2(0)1(0)
36(0):18(0)9(0)4(1)2(0)1(0)
37(1):18(1)9(0)4(1)2(0)1(0)
56(0):28(0)14(0)7(0)3(1)1(1)
57(1):28(1)14(0)7(0)3(1)1(1)
60(1):30(0)15(0)7(1)3(1)1(1)
61(0):30(1)15(0)7(1)3(1)1(1)
68(1):34(0)17(0)8(1)4(0)2(0)1(0)
69(0):34(1)17(0)8(1)4(0)2(0)1(0)

14
1:23>936.2
2:24>0.08798
3:27>0.14705
4:20>18.18
6:7>0.050355
7:23>785.75
9:29>0.066435
12:21>23.68
14:3>621.8
15:29>0.056735
28:14>0.0083815
30:24>0.1417
60:22>91.7
120:24>0.14225
15
5(1):2(1)1(0)
8(0):4(0)2(0)1(0)
13(1):6(1)3(0)1(1)
18(0):9(0)4(1)2(0)1(0)
19(1):9(1)4(1)2(0)1(0)
24(0):12(0)6(0)3(0)1(1)
25(1):12(1)6(0)3(0)1(1)
29(0):14(1)7(0)3(1)1(1)
31(0):15(1)7(1)3(1)1(1)
56(1):28(0)14(0)7(0)3(1)1(1)
57(1):28(1)14(0)7(0)3(1)1(1)
61(1):30(1)15(0)7(1)3(1)1(1)
121(1):60(1)30(0)15(0)7(1)3(1)1(1)
240(1):120(0)60(0)30(0)15(0)7(1)3(1)1(1)
241(0):120(1)60(0)30(0)15(0)7(1)3(1)1(1)

16
1:7>0.04923
2:27>0.14655
3:24>0.1759
4:24>0.096595
5:3>799.15
7:22>117.45
8:23>444.3
11:26>0.2624
15:18>0.0087105
16:1>15.345
22:25>0.35805
30:23>844.75
61:20>15.84
122:19>0.0013605
123:28>0.19825
247:28>0.1956
17
6(0):3(0)1(1)
9(1):4(1)2(0)1(0)
10(0):5(0)2(1)1(0)
14(0):7(0)3(1)1(1)
17(1):8(1)4(0)2(0)1(0)
23(1):11(1)5(1)2(1)1(0)
31(0):15(1)7(1)3(1)1(1)
32(0):16(0)8(0)4(0)2(0)1(0)
33(0):16(1)8(0)4(0)2(0)1(0)
44(1):22(0)11(0)5(1)2(1)1(0)
45(0):22(1)11(0)5(1)2(1)1(0)
60(1):30(0)15(0)7(1)3(1)1(1)
244(1):122(0)61(0)30(1)15(0)7(1)3(1)1(1)
245(1):122(1)61(0)30(1)15(0)7(1)3(1)1(1)
246(1):123(0)61(1)30(1)15(0)7(1)3(1)1(1)
494(0):247(0)123(1)61(1)30(1)15(0)7(1)3(1)1(1)
495(1):247(1)123(1)61(1)30(1)15(0)7(1)3(1)1(1)

13
1:23>874.85
2:21>18.445
3:25>0.3901
4:27>0.09152
6:16>0.060455
7:22>107.3
8:12>1.773
12:18>0.041725
13:6>0.09303
14:21>20.355
15:2>93.915
28:6>0.091025
30:26>0.26175
14
5(1):2(1)1(0)
9(1):4(1)2(0)1(0)
16(0):8(0)4(0)2(0)1(0)
17(0):8(1)4(0)2(0)1(0)
24(0):12(0)6(0)3(0)1(1)
25(1):12(1)6(0)3(0)1(1)
26(0):13(0)6(1)3(0)1(1)
27(1):13(1)6(1)3(0)1(1)
29(1):14(1)7(0)3(1)1(1)
31(1):15(1)7(1)3(1)1(1)
56(0):28(0)14(0)7(0)3(1)1(1)
57(1):28(1)14(0)7(0)3(1)1(1)
60(0):30(0)15(0)7(1)3(1)1(1)
61(1):30(1)15(0)7(1)3(1)1(1)

16
1:23>888.85
2:21>17.785
3:26>0.3694
4:24>0.09976
6:4>0.09653
7:10>0.4129
8:22>112.55
12:29>0.090485
13:28>0.3389
14:26>0.24475
15:19>0.001315
29:18>0.017585
30:2>90.365
31:24>0.1085
60:17>0.01387
121:24>0.1362
17
5(1):2(1)1(0)
9(1):4(1)2(0)1(0)
16(0):8(0)4(0)2(0)1(0)
17(0):8(1)4(0)2(0)1(0)
24(0):12(0)6(0)3(0)1(1)
25(1):12(1)6(0)3(0)1(1)
26(0):13(0)6(1)3(0)1(1)
27(1):13(1)6(1)3(0)1(1)
28(0):14(0)7(0)3(1)1(1)
58(1):29(0)14(1)7(0)3(1)1(1)
59(0):29(1)14(1)7(0)3(1)1(1)
61(1):30(1)15(0)7(1)3(1)1(1)
62(0):31(0)15(1)7(1)3(1)1(1)
63(1):31(1)15(1)7(1)3(1)1(1)
120(0):60(0)30(0)15(0)7(1)3(1)1(1)
242(0):121(0)60(1)30(0)15(0)7(1)3(1)1(1)
243(1):121(1)60(1)30(0)15(0)7(1)3(1)1(1)

17
1:22>106.2
2:24>0.10805
3:7>0.051015
4:26>0.18205
5:17>0.012215
6:25>0.37615
7:3>694.5
8:22>116.05
13:12>1.9825
15:14>0.003294
17:22>109
30:5>0.13495
31:16>0.012345
34:23>960.5
61:11>2.092
69:17>0.01625
122:18>0.02025
18
9(1):4(1)2(0)1(0)
10(0):5(0)2(1)1(0)
11(1):5(1)2(1)1(0)
12(0):6(0)3(0)1(1)
14(0):7(0)3(1)1(1)
16(0):8(0)4(0)2(0)1(0)
26(1):13(0)6(1)3(0)1(1)
27(0):13(1)6(1)3(0)1(1)
35(0):17(1)8(1)4(0)2(0)1(0)
60(1):30(0)15(0)7(1)3(1)1(1)
62(0):31(0)15(1)7(1)3(1)1(1)
63(1):31(1)15(1)7(1)3(1)1(1)
68(0):34(0)17(0)8(1)4(0)2(0)1(0)
123(1):61(1)30(1)15(0)7(1)3(1)1(1)
138(0):69(0)34(1)17(0)8(1)4(0)2(0)1(0)
139(1):69(1)34(1)17(0)8(1)4(0)2(0)1(0)
244(1):122(0)61(0)30(1)15(0)7(1)3(1)1(1)
245(1):122(1)61(0)30(1)15(0)7(1)3(1)1(1)

14
1:27>0.111
2:21>23.49
3:12>4.1025
4:3>576.6
5:23>959.65
6:18>0.024735
7:3>715.65
8:6>0.07076
9:23>710.1
11:6>0.2023
15:15>0.012025
19:27>0.20395
23:16>0.01795
31:26>0.2057
15
10(0):5(0)2(1)1(0)
12(1):6(0)3(0)1(1)
13(0):6(1)3(0)1(1)
14(0):7(0)3(1)1(1)
16(0):8(0)4(0)2(0)1(0)
17(0):8(1)4(0)2(0)1(0)
18(0):9(0)4(1)2(0)1(0)
22(1):11(0)5(1)2(1)1(0)
30(1):15(0)7(1)3(1)1(1)
38(0):19(0)9(1)4(1)2(0)1(0)
39(1):19(1)9(1)4(1)2(0)1(0)
46(1):23(0)11(1)5(1)2(1)1(0)
47(1):23(1)11(1)5(1)2(1)1(0)
62(0):31(0)15(1)7(1)3(1)1(1)
63(1):31(1)15(1)7(1)3(1)1(1)

16
1:20>17.035
2:26>0.18205
3:7>0.04923
4:19>0.001625
6:25>0.3873
7:29>0.055125
12:24>0.1367
13:7>0.05326
14:27>0.11085
26:5>0.10675
27:12>1.8265
28:16>0.01849
29:11>2.092
52:18>0.01582
54:22>85.625
58:19>0.0028595
17
5(1):2(1)1(0)
8(0):4(0)2(0)1(0)
9(0):4(1)2(0)1(0)
15(0):7(1)3(1)1(1)
24(0):12(0)6(0)3(0)1(1)
25(1):12(1)6(0)3(0)1(1)
53(0):26(1)13(0)6(1)3(0)1(1)
55(1):27(1)13(1)6(1)3(0)1(1)
56(1):28(0)14(0)7(0)3(1)1(1)
57(0):28(1)14(0)7(0)3(1)1(1)
59(1):29(1)14(1)7(0)3(1)1(1)
104(1):52(0)26(0)13(0)6(1)3(0)1(1)
105(1):52(1)26(0)13(0)6(1)3(0)1(1)
108(0):54(0)27(0)13(1)6(1)3(0)1(1)
109(1):54(1)27(0)13(1)6(1)3(0)1(1)
116(1):58(0)29(0)14(1)7(0)3(1)1(1)
117(0):58(1)29(0)14(1)7(0)3(1)1(1)

13
1:20>16.795
2:11>0.4923
3:16>0.0338
4:28>0.20105
6:22>91.24
7:18>0.009251
8:16>0.01726
12:9>0.0663
14:16>0.02327
17:20>17.705
24:24>0.1314
25:25>0.2147
28:16>0.023335
14
5(1):2(1)1(0)
9(1):4(1)2(0)1(0)
13(1):6(1)3(0)1(1)
15(0):7(1)3(1)1(1)
16(0):8(0)4(0)2(0)1(0)
29(1):14(1)7(0)3(1)1(1)
34(0):17(0)8(1)4(0)2(0)1(0)
35(1):17(1)8(1)4(0)2(0)1(0)
48(0):24(0)12(0)6(0)3(0)1(1)
49(1):24(1)12(0)6(0)3(0)1(1)
50(1):25(0)12(1)6(0)3(0)1(1)
51(0):25(1)12(1)6(0)3(0)1(1)
56(1):28(0)14(0)7(0)3(1)1(1)
57(0):28(1)14(0)7(0)3(1)1(1)

14
1:20>17.06
2:21>19.91
3:28>0.3574
4:29>0.060415
5:27>0.1415
6:26>0.27205
7:21>30.095
14:0>12.305
15:1>22.375
28:27>0.08775
29:16>0.02114
31:1>20.8
56:19>0.0021555
62:26>0.32835
15
8(0):4(0)2(0)1(0)
9(0):4(1)2(0)1(0)
10(0):5(0)2(1)1(0)
11(1):5(1)2(1)1(0)
12(0):6(0)3(0)1(1)
13(1):6(1)3(0)1(1)
30(0):15(0)7(1)3(1)1(1)
57(1):28(1)14(0)7(0)3(1)1(1)
58(1):29(0)14(1)7(0)3(1)1(1)
59(1):29(1)14(1)7(0)3(1)1(1)
63(1):31(1)15(1)7(1)3(1)1(1)
112(0):56(0)28(0)14(0)7(0)3(1)1(1)
113(0):56(1)28(0)14(0)7(0)3(1)1(1)
124(0):62(0)31(0)15(1)7(1)3(1)1(1)
125(1):62(1)31(0)15(1)7(1)3(1)1(1)

10
1:22>105.05
2:7>0.046735
3:24>0.1783
4:26>0.1894
5:1>19.36
7:12>4.1185
8:10>0.18415
15:28>0.48115
16:23>724.7
32:10>0.24125
11
6(0):3(0)1(1)
9(1):4(1)2(0)1(0)
10(0):5(0)2(1)1(0)
11(1):5(1)2(1)1(0)
14(1):7(0)3(1)1(1)
17(1):8(1)4(0)2(0)1(0)
30(0):15(0)7(1)3(1)1(1)
31(1):15(1)7(1)3(1)1(1)
33(1):16(1)8(0)4(0)2(0)1(0)
64(0):32(0)16(0)8(0)4(0)2(0)1(0)
65(0):32(1)16(0)8(0)4(0)2(0)1(0)

14
1:27>0.142
2:7>0.05565
3:2>98.755
4:12>1.6785
5:12>2.3995
6:26>0.20135
7:12>4.0795
8:16>0.14065
15:22>115.8
31:23>785.75
62:22>102.7
63:5>0.057775
124:3>593.5
127:27>0.090145
15
9(1):4(1)2(0)1(0)
10(0):5(0)2(1)1(0)
11(1):5(1)2(1)1(0)
12(0):6(0)3(0)1(1)
13(1):6(1)3(0)1(1)
14(1):7(0)3(1)1(1)
16(1):8(0)4(0)2(0)1(0)
17(0):8(1)4(0)2(0)1(0)
30(0):15(0)7(1)3(1)1(1)
125(0):62(1)31(0)15(1)7(1)3(1)1(1)
126(1):63(0)31(1)15(1)7(1)3(1)1(1)
248(1):124(0)62(0)31(0)15(1)7(1)3(1)1(1)
249(0):124(1)62(0)31(0)15(1)7(1)3(1)1(1)
254(0):127(0)63(1)31(1)15(1)7(1)3(1)1(1)
255(1):127(1)63(1)31(1)15(1)7(1)3(1)1(1)

18
1:22>105.05
2:20>18.225
3:25>0.4554
5:27>0.1513
7:29>0.055995
11:15>0.011885
14:27>0.18075
22:17>0.01692
29:23>754.1
45:28>0.3198
58:14>0.003492
59:28>0.19825
91:8>0.16865
116:23>759.2
118:23>650.95
183:27>0.137
236:23>655.15
367:25>0.1976
19
4(0):2(0)1(0)
6(0):3(0)1(1)
10(0):5(0)2(1)1(0)
15(0):7(1)3(1)1(1)
23(0):11(1)5(1)2(1)1(0)
28(0):14(0)7(0)3(1)1(1)
44(0):22(0)11(0)5(1)2(1)1(0)
90(0):45(0)22(1)11(0)5(1)2(1)1(0)
117(0):58(1)29(0)14(1)7(0)3(1)1(1)
119(1):59(1)29(1)14(1)7(0)3(1)1(1)
182(1):91(0)45(1)22(1)11(0)5(1)2(1)1(0)
232(1):116(0)58(0)29(0)14(1)7(0)3(1)1(1)
233(0):116(1)58(0)29(0)14(1)7(0)3(1)1(1)
237(1):118(1)59(0)29(1)14(1)7(0)3(1)1(1)
366(0):183(0)91(1)45(1)22(1)11(0)5(1)2(1)1(0)
472(1):236(0)118(0)59(0)29(1)14(1)7(0)3(1)1(1)
473(0):236(1)118(0)59(0)29(1)14(1)7(0)3(1)1(1)
734(1):367(0)183(1)91(1)45(1)22(1)11(0)5(1)2(1)1(0)
735(1):367(1)183(1)91(1)45(1)22(1)11(0)5(1)2(1)1(0)

15
1:6>0.073925
2:27>0.14545
3:26>0.207
4:22>97.155
5:22>109.85
6:22>113.15
7:17>0.019135
8:6>0.085885
10:21>19.29
11:20>15.78
12:15>0.01205
13:26>0.2209
15:23>1091
17:21>23.075
20:25>0.4942
16
9(1):4(1)2(0)1(0)
14(1):7(0)3(1)1(1)
16(0):8(0)4(0)2(0)1(0)
21(1):10(1)5(0)2(1)1(0)
22(1):11(0)5(1)2(1)1(0)
23(1):11(1)5(1)2(1)1(0)
24(1):12(0)6(0)3(0)1(1)
25(0):12(1)6(0)3(0)1(1)
26(1):13(0)6(1)3(0)1(1)
27(0):13(1)6(1)3(0)1(1)
30(0):15(0)7(1)3(1)1(1)
31(1):15(1)7(1)3(1)1(1)
34(0):17(0)8(1)4(0)2(0)1(0)
35(1):17(1)8(1)4(0)2(0)1(0)
40(1):20(0)10(0)5(0)2(1)1(0)
41(0):20(1)10(0)5(0)2(1)1(0)

17
1:23>888.85
2:8>0.1264
3:27>0.1603
4:20>18.225
6:23>416.4
7:13>34.405
9:26>0.2071
14:0>14.815
15:26>0.26595
18:1>16.1
29:13>34.56
30:21>29.81
31:24>0.14185
58:28>0.20785
61:29>0.069775
62:20>14.285
122:18>0.01243
18
5(1):2(1)1(0)
8(0):4(0)2(0)1(0)
12(0):6(0)3(0)1(1)
13(1):6(1)3(0)1(1)
19(1):9(1)4(1)2(0)1(0)
28(0):14(0)7(0)3(1)1(1)
36(0):18(0)9(0)4(1)2(0)1(0)
37(1):18(1)9(0)4(1)2(0)1(0)
59(0):29(1)14(1)7(0)3(1)1(1)
60(1):30(0)15(0)7(1)3(1)1(1)
63(1):31(1)15(1)7(1)3(1)1(1)
116(1):58(0)29(0)14(1)7(0)3(1)1(1)
117(0):58(1)29(0)14(1)7(0)3(1)1(1)
123(0):61(1)30(1)15(0)7(1)3(1)1(1)
124(1):62(0)31(0)15(1)7(1)3(1)1(1)
125(1):62(1)31(0)15(1)7(1)3(1)1(1)
244(1):122(0)61(0)30(1)15(0)7(1)3(1)1(1)
245(1):122(1)61(0)30(1)15(0)7(1)3(1)1(1)

15
1:23>906.9
2:8>0.15
3:23>750.05
4:20>17.34
6:14>0.0077715
7:24>0.1755
12:1>18.08
13:8>0.17525
14:19>0.009829
15:28>0.35725
26:11>0.8193
27:0>13.85
31:27>0.093225
52:13>24.235
62:21>32.34
16
5(1):2(1)1(0)
8(0):4(0)2(0)1(0)
9(1):4(1)2(0)1(0)
24(0):12(0)6(0)3(0)1(1)
25(1):12(1)6(0)3(0)1(1)
28(1):14(0)7(0)3(1)1(1)
29(0):14(1)7(0)3(1)1(1)
30(1):15(0)7(1)3(1)1(1)
53(1):26(1)13(0)6(1)3(0)1(1)
54(1):27(0)13(1)6(1)3(0)1(1)
55(1):27(1)13(1)6(1)3(0)1(1)
63(1):31(1)15(1)7(1)3(1)1(1)
104(1):52(0)26(0)13(0)6(1)3(0)1(1)
105(0):52(1)26(0)13(0)6(1)3(0)1(1)
124(0):62(0)31(0)15(1)7(1)3(1)1(1)
125(1):62(1)31(0)15(1)7(1)3(1)1(1)

17
1:26>0.21395
2:2>98.405
3:10>0.39845
4:11>0.44135
5:10>0.4438
6:2>94.61
7:26>0.2082
8:12>1.825
10:21>26.455
11:28>0.3402
13:10>0.6431
22:23>687.5
23:1>21.305
46:18>0.01903
47:23>811.05
93:21>31.5
186:27>0.08775
18
9(1):4(1)2(0)1(0)
12(0):6(0)3(0)1(1)
14(1):7(0)3(1)1(1)
15(1):7(1)3(1)1(1)
16(0):8(0)4(0)2(0)1(0)
17(0):8(1)4(0)2(0)1(0)
20(0):10(0)5(0)2(1)1(0)
21(1):10(1)5(0)2(1)1(0)
26(1):13(0)6(1)3(0)1(1)
27(1):13(1)6(1)3(0)1(1)
44(0):22(0)11(0)5(1)2(1)1(0)
45(1):22(1)11(0)5(1)2(1)1(0)
92(1):46(0)23(0)11(1)5(1)2(1)1(0)
94(1):47(0)23(1)11(1)5(1)2(1)1(0)
95(1):47(1)23(1)11(1)5(1)2(1)1(0)
187(1):93(1)46(1)23(0)11(1)5(1)2(1)1(0)
372(0):186(0)93(0)46(1)23(0)11(1)5(1)2(1)1(0)
373(1):186(1)93(0)46(1)23(0)11(1)5(1)2(1)1(0)

18
1:27>0.1424
2:20>12.13
3:23>927.1
4:26>0.2061
6:11>1.8635
7:13>35.435
8:21>15.435
14:23>817.85
15:23>785.75
16:1>16.13
29:11>2.007
30:24>0.13525
31:27>0.093205
32:3>558.65
33:10>0.31025
61:7>0.020505
62:5>0.06371
65:25>0.3147
19
5(1):2(1)1(0)
9(1):4(1)2(0)1(0)
12(1):6(0)3(0)1(1)
13(0):6(1)3(0)1(1)
17(1):8(1)4(0)2(0)1(0)
28(0):14(0)7(0)3(1)1(1)
58(0):29(0)14(1)7(0)3(1)1(1)
59(1):29(1)14(1)7(0)3(1)1(1)
60(0):30(0)15(0)7(1)3(1)1(1)
63(1):31(1)15(1)7(1)3(1)1(1)
64(0):32(0)16(0)8(0)4(0)2(0)1(0)
66(0):33(0)16(1)8(0)4(0)2(0)1(0)
67(1):33(1)16(1)8(0)4(0)2(0)1(0)
122(1):61(0)30(1)15(0)7(1)3(1)1(1)
123(1):61(1)30(1)15(0)7(1)3(1)1(1)
124(1):62(0)31(0)15(1)7(1)3(1)1(1)
125(1):62(1)31(0)15(1)7(1)3(1)1(1)
130(0):65(0)32(1)16(0)8(0)4(0)2(0)1(0)
131(1):65(1)32(1)16(0)8(0)4(0)2(0)1(0)

19
1:20>16.795
2:8>0.1264
3:6>0.093405
4:25>0.17575
6:23>710.2
7:13>79.825
8:1>11.585
9:21>25.945
12:8>0.17155
13:27>0.18635
15:27>0.153
18:29>0.060415
24:21>20.2
27:19>0.003498
31:1>21.575
62:7>0.045735
125:28>0.28275
250:11>0.98275
500:23>638.25
20
5(1):2(1)1(0)
14(0):7(0)3(1)1(1)
16(0):8(0)4(0)2(0)1(0)
17(1):8(1)4(0)2(0)1(0)
19(1):9(1)4(1)2(0)1(0)
25(1):12(1)6(0)3(0)1(1)
26(0):13(0)6(1)3(0)1(1)
30(0):15(0)7(1)3(1)1(1)
36(0):18(0)9(0)4(1)2(0)1(0)
37(1):18(1)9(0)4(1)2(0)1(0)
48(0):24(0)12(0)6(0)3(0)1(1)
49(1):24(1)12(0)6(0)3(0)1(1)
54(1):27(0)13(1)6(1)3(0)1(1)
55(0):27(1)13(1)6(1)3(0)1(1)
63(1):31(1)15(1)7(1)3(1)1(1)
124(0):62(0)31(0)15(1)7(1)3(1)1(1)
251(1):125(1)62(1)31(0)15(1)7(1)3(1)1(1)
501(0):250(1)125(0)62(1)31(0)15(1)7(1)3(1)1(1)
1000(1):500(0)250(0)125(0)62(1)31(0)15(1)7(1)3(1)1(1)
1001(1):500(1)250(0)125(0)62(1)31(0)15(1)7(1)3(1)1(1)

13
1:23>739.2
2:26>0.22345
3:25>0.6787
4:27>0.1381
5:22>127.65
7:29>0.12105
8:22>112.8
9:28>0.2987
11:21>29.68
15:21>33.35
17:3>625
19:9>0.05873
31:18>0.049355
14
6(0):3(0)1(1)
10(0):5(0)2(1)1(0)
14(1):7(0)3(1)1(1)
16(0):8(0)4(0)2(0)1(0)
18(0):9(0)4(1)2(0)1(0)
22(0):11(0)5(1)2(1)1(0)
23(1):11(1)5(1)2(1)1(0)
30(1):15(0)7(1)3(1)1(1)
34(1):17(0)8(1)4(0)2(0)1(0)
35(0):17(1)8(1)4(0)2(0)1(0)
38(1):19(0)9(1)4(1)2(0)1(0)
39(0):19(1)9(1)4(1)2(0)1(0)
62(1):31(0)15(1)7(1)3(1)1(1)
63(1):31(1)15(1)7(1)3(1)1(1)

13
1:20>17.35
2:24>0.10036
3:22>101.55
4:26>0.17975
6:28>0.3065
7:10>0.48045
12:2>94.755
13:14>0.0078835
14:8>0.17365
15:27>0.198
27:1>20.515
31:24>0.1821
55:9>0.065295
14
5(1):2(1)1(0)
8(0):4(0)2(0)1(0)
9(0):4(1)2(0)1(0)
24(1):12(0)6(0)3(0)1(1)
25(0):12(1)6(0)3(0)1(1)
26(0):13(0)6(1)3(0)1(1)
28(1):14(0)7(0)3(1)1(1)
29(0):14(1)7(0)3(1)1(1)
30(0):15(0)7(1)3(1)1(1)
54(0):27(0)13(1)6(1)3(0)1(1)
62(1):31(0)15(1)7(1)3(1)1(1)
63(1):31(1)15(1)7(1)3(1)1(1)
110(1):55(0)27(1)13(1)6(1)3(0)1(1)
111(1):55(1)27(1)13(1)6(1)3(0)1(1)

19
1:27>0.1434
2:23>492.25
3:3>694.15
4:16>0.13565
6:13>17.22
7:27>0.111
9:20>15.87
12:18>0.017845
14:14>0.0091875
15:18>0.01649
18:17>0.01075
19:29>0.09203
25:14>0.0037905
29:17>0.00764
31:4>0.09959
37:23>861.8
58:1>22.545
63:1>21.015
117:22>115.8
20
5(1):2(1)1(0)
8(1):4(0)2(0)1(0)
13(1):6(1)3(0)1(1)
24(0):12(0)6(0)3(0)1(1)
28(0):14(0)7(0)3(1)1(1)
30(1):15(0)7(1)3(1)1(1)
36(0):18(0)9(0)4(1)2(0)1(0)
38(0):19(0)9(1)4(1)2(0)1(0)
39(1):19(1)9(1)4(1)2(0)1(0)
50(1):25(0)12(1)6(0)3(0)1(1)
51(0):25(1)12(1)6(0)3(0)1(1)
59(0):29(1)14(1)7(0)3(1)1(1)
62(0):31(0)15(1)7(1)3(1)1(1)
74(0):37(0)18(1)9(0)4(1)2(0)1(0)
75(1):37(1)18(1)9(0)4(1)2(0)1(0)
116(0):58(0)29(0)14(1)7(0)3(1)1(1)
126(1):63(0)31(1)15(1)7(1)3(1)1(1)
127(1):63(1)31(1)15(1)7(1)3(1)1(1)
234(0):117(0)58(1)29(0)14(1)7(0)3(1)1(1)
235(1):117(1)58(1)29(0)14(1)7(0)3(1)1(1)

