50
6
1:23>711.3
2:20>16.395
3:29>0.058365
5:10>0.356
6:21>33.75
13:18>0.0508
7
4(0):2(0)1(0)
7(0):3(1)1(1)
10(1):5(0)2(1)1(0)
11(0):5(1)2(1)1(0)
12(0):6(0)3(0)1(1)
26(0):13(0)6(1)3(0)1(1)
27(1):13(1)6(1)3(0)1(1)

4
1:20>15.29
2:28>0.25365
3:25>0.2567
4:21>18.575
5
5(0):2(1)1(0)
6(0):3(0)1(1)
7(1):3(1)1(1)
8(0):4(0)2(0)1(0)
9(0):4(1)2(0)1(0)

3
1:13>34.825
2:23>859.45
3:20>15.3
4
4(0):2(0)1(0)
5(1):2(1)1(0)
6(0):3(0)1(1)
7(1):3(1)1(1)

5
1:27>0.093175
2:12>1.5535
3:18>0.010566
4:25>0.13945
8:27>0.14105
6
5(1):2(1)1(0)
6(1):3(0)1(1)
7(0):3(1)1(1)
9(1):4(1)2(0)1(0)
16(0):8(0)4(0)2(0)1(0)
17(0):8(1)4(0)2(0)1(0)

4
1:27>0.092805
2:25>0.18195
4:12>1.54
8:21>18.66
5
3(1):1(1)
5(1):2(1)1(0)
9(1):4(1)2(0)1(0)
16(0):8(0)4(0)2(0)1(0)
17(0):8(1)4(0)2(0)1(0)

4
1:23>711.3
2:27>0.10565
3:27>0.1979
4:15>0.04203
5
5(1):2(1)1(0)
6(0):3(0)1(1)
7(1):3(1)1(1)
8(0):4(0)2(0)1(0)
9(0):4(1)2(0)1(0)

5
1:6>0.06705
2:23>656.3
3:22>100.75
4:24>0.13225
9:27>0.14265
6
5(1):2(1)1(0)
6(0):3(0)1(1)
7(1):3(1)1(1)
8(0):4(0)2(0)1(0)
18(0):9(0)4(1)2(0)1(0)
19(1):9(1)4(1)2(0)1(0)

5
1:26>0.26135
2:26>1.1785
3:13>54.93
5:2>86.995
11:24>0.15865
6
4(1):2(0)1(0)
6(0):3(0)1(1)
7(1):3(1)1(1)
10(0):5(0)2(1)1(0)
22(0):11(0)5(1)2(1)1(0)
23(0):11(1)5(1)2(1)1(0)

2
1:7>0.050165
3:20>17.17
3
2(0):1(0)
6(0):3(0)1(1)
7(1):3(1)1(1)

5
1:23>725.8
2:18>0.01076
3:10>0.8701
4:21>18.88
7:27>0.1958
6
5(1):2(1)1(0)
6(0):3(0)1(1)
8(0):4(0)2(0)1(0)
9(0):4(1)2(0)1(0)
14(0):7(0)3(1)1(1)
15(1):7(1)3(1)1(1)

5
1:23>719.35
2:24>0.12915
3:4>0.11165
5:1>18.41
7:1>23.75
6
4(0):2(0)1(0)
6(0):3(0)1(1)
10(0):5(0)2(1)1(0)
11(1):5(1)2(1)1(0)
14(0):7(0)3(1)1(1)
15(1):7(1)3(1)1(1)

5
1:22>97.765
2:18>0.01076
3:8>0.15925
4:27>0.14265
6:24>0.1774
6
5(1):2(1)1(0)
7(0):3(1)1(1)
8(0):4(0)2(0)1(0)
9(0):4(1)2(0)1(0)
12(0):6(0)3(0)1(1)
13(1):6(1)3(0)1(1)

3
1:23>711.3
2:28>0.25365
3:26>0.35365
4
4(0):2(0)1(0)
5(1):2(1)1(0)
6(1):3(0)1(1)
7(1):3(1)1(1)

7
1:6>0.07136
2:27>0.08518
3:27>0.1406
4:13>13.725
7:22>100.75
8:14>0.0055295
17:21>19.55
8
5(1):2(1)1(0)
6(0):3(0)1(1)
9(1):4(1)2(0)1(0)
14(1):7(0)3(1)1(1)
15(1):7(1)3(1)1(1)
16(0):8(0)4(0)2(0)1(0)
34(0):17(0)8(1)4(0)2(0)1(0)
35(1):17(1)8(1)4(0)2(0)1(0)

5
1:26>0.24615
2:6>0.071905
3:0>14.805
4:19>0.0093835
7:23>749.55
6
5(1):2(1)1(0)
6(0):3(0)1(1)
8(0):4(0)2(0)1(0)
9(0):4(1)2(0)1(0)
14(1):7(0)3(1)1(1)
15(1):7(1)3(1)1(1)

5
1:6>0.07136
2:26>1.1785
3:18>0.015155
5:6>0.10203
11:18>0.02176
6
4(1):2(0)1(0)
6(1):3(0)1(1)
7(1):3(1)1(1)
10(0):5(0)2(1)1(0)
22(1):11(0)5(1)2(1)1(0)
23(0):11(1)5(1)2(1)1(0)

4
1:6>0.07333
2:19>0.007773
3:29>0.058365
6:23>749.55
5
4(1):2(0)1(0)
5(0):2(1)1(0)
7(0):3(1)1(1)
12(1):6(0)3(0)1(1)
13(1):6(1)3(0)1(1)

5
1:3>529.35
2:25>0.1822
3:20>14.705
4:21>18.575
7:24>0.1821
6
5(0):2(1)1(0)
6(0):3(0)1(1)
8(0):4(0)2(0)1(0)
9(1):4(1)2(0)1(0)
14(0):7(0)3(1)1(1)
15(1):7(1)3(1)1(1)

7
1:2>85.805
2:26>0.142
3:4>0.11055
4:23>806.25
6:17>0.0098145
7:29>0.094395
9:18>0.02285
8
5(1):2(1)1(0)
8(0):4(0)2(0)1(0)
12(0):6(0)3(0)1(1)
13(1):6(1)3(0)1(1)
14(0):7(0)3(1)1(1)
15(1):7(1)3(1)1(1)
18(1):9(0)4(1)2(0)1(0)
19(0):9(1)4(1)2(0)1(0)

6
1:23>677.2
2:24>0.12785
3:28>0.5433
5:24>0.1266
7:6>0.09523
11:12>2.319
7
4(0):2(0)1(0)
6(0):3(0)1(1)
10(1):5(0)2(1)1(0)
14(1):7(0)3(1)1(1)
15(1):7(1)3(1)1(1)
22(0):11(0)5(1)2(1)1(0)
23(1):11(1)5(1)2(1)1(0)

4
1:3>575.05
2:23>806.25
3:22>100.75
7:24>0.1793
5
4(0):2(0)1(0)
5(0):2(1)1(0)
6(0):3(0)1(1)
14(0):7(0)3(1)1(1)
15(1):7(1)3(1)1(1)

4
1:22>105
3:17>0.018165
7:19>0.0013605
14:28>0.39615
5
2(0):1(0)
6(0):3(0)1(1)
15(0):7(1)3(1)1(1)
28(0):14(0)7(0)3(1)1(1)
29(1):14(1)7(0)3(1)1(1)

5
1:7>0.04407
2:23>656.3
3:22>100.045
4:1>15.47
7:17>0.018415
6
5(1):2(1)1(0)
6(0):3(0)1(1)
8(0):4(0)2(0)1(0)
9(1):4(1)2(0)1(0)
14(0):7(0)3(1)1(1)
15(1):7(1)3(1)1(1)

4
1:27>0.093175
2:13>18.095
3:28>0.17495
4:22>101.1
5
5(1):2(1)1(0)
6(1):3(0)1(1)
7(0):3(1)1(1)
8(0):4(0)2(0)1(0)
9(1):4(1)2(0)1(0)

6
1:25>0.1861
2:13>18.345
3:24>0.09544
4:19>0.017385
6:22>114.15
9:27>0.1422
7
5(1):2(1)1(0)
7(0):3(1)1(1)
8(1):4(0)2(0)1(0)
12(0):6(0)3(0)1(1)
13(1):6(1)3(0)1(1)
18(0):9(0)4(1)2(0)1(0)
19(0):9(1)4(1)2(0)1(0)

4
1:2>89.17
2:21>18.88
3:23>720.05
6:29>0.06676
5
4(0):2(0)1(0)
5(0):2(1)1(0)
7(1):3(1)1(1)
12(0):6(0)3(0)1(1)
13(1):6(1)3(0)1(1)

4
1:2>88.155
3:19>0.007686
7:23>859.45
15:2>85.905
5
2(0):1(0)
6(0):3(0)1(1)
14(0):7(0)3(1)1(1)
30(1):15(0)7(1)3(1)1(1)
31(1):15(1)7(1)3(1)1(1)

4
1:27>0.13065
2:20>12.7
3:2>91.5
4:1>15.47
5
5(1):2(1)1(0)
6(0):3(0)1(1)
7(1):3(1)1(1)
8(0):4(0)2(0)1(0)
9(0):4(1)2(0)1(0)

4
1:2>89.055
2:1>15.515
3:27>0.1387
6:7>0.047785
5
4(0):2(0)1(0)
5(0):2(1)1(0)
7(1):3(1)1(1)
12(0):6(0)3(0)1(1)
13(1):6(1)3(0)1(1)

5
1:26>0.2302
2:7>0.043415
3:24>0.096115
4:11>0.77985
6:19>0.0015275
6
5(1):2(1)1(0)
7(0):3(1)1(1)
8(0):4(0)2(0)1(0)
9(0):4(1)2(0)1(0)
12(1):6(0)3(0)1(1)
13(0):6(1)3(0)1(1)

4
1:22>101.1
2:16>0.012555
3:28>0.17495
6:29>0.094335
5
4(0):2(0)1(0)
5(1):2(1)1(0)
7(0):3(1)1(1)
12(1):6(0)3(0)1(1)
13(1):6(1)3(0)1(1)

4
1:22>103.15
2:26>0.26135
3:21>33.58
7:18>0.01404
5
4(0):2(0)1(0)
5(1):2(1)1(0)
6(0):3(0)1(1)
14(1):7(0)3(1)1(1)
15(1):7(1)3(1)1(1)

5
1:27>0.13035
2:20>11.575
3:3>722.7
4:27>0.14105
7:14>0.0036885
6
5(1):2(1)1(0)
6(0):3(0)1(1)
8(0):4(0)2(0)1(0)
9(0):4(1)2(0)1(0)
14(1):7(0)3(1)1(1)
15(0):7(1)3(1)1(1)

4
1:20>14.705
2:27>0.13355
3:25>0.2567
4:12>1.54
5
5(1):2(1)1(0)
6(1):3(0)1(1)
7(1):3(1)1(1)
8(0):4(0)2(0)1(0)
9(1):4(1)2(0)1(0)

4
1:20>16.465
3:1>21.18
6:26>0.28915
7:24>0.15835
5
2(0):1(0)
12(0):6(0)3(0)1(1)
13(0):6(1)3(0)1(1)
14(0):7(0)3(1)1(1)
15(1):7(1)3(1)1(1)

5
1:7>0.049815
2:13>16.085
3:24>0.09544
4:24>0.12785
9:22>122.15
6
5(1):2(1)1(0)
6(1):3(0)1(1)
7(0):3(1)1(1)
8(0):4(0)2(0)1(0)
18(0):9(0)4(1)2(0)1(0)
19(1):9(1)4(1)2(0)1(0)

5
1:20>14.83
2:27>0.14265
5:9>0.05677
10:24>0.12785
11:23>819.75
6
3(1):1(1)
4(0):2(0)1(0)
20(0):10(0)5(0)2(1)1(0)
21(1):10(1)5(0)2(1)1(0)
22(1):11(0)5(1)2(1)1(0)
23(0):11(1)5(1)2(1)1(0)

6
1:2>82.65
2:7>0.027735
3:23>749.9
4:7>0.07202
7:18>0.013715
9:25>0.33155
7
5(1):2(1)1(0)
6(0):3(0)1(1)
8(0):4(0)2(0)1(0)
14(1):7(0)3(1)1(1)
15(0):7(1)3(1)1(1)
18(0):9(0)4(1)2(0)1(0)
19(1):9(1)4(1)2(0)1(0)

4
1:27>0.14105
2:3>310.8
3:13>37.61
4:13>13.725
5
5(1):2(1)1(0)
6(0):3(0)1(1)
7(1):3(1)1(1)
8(0):4(0)2(0)1(0)
9(1):4(1)2(0)1(0)

5
1:7>0.043415
2:27>0.171
3:23>990.3
5:19>0.004507
7:24>0.09544
6
4(0):2(0)1(0)
6(0):3(0)1(1)
10(1):5(0)2(1)1(0)
11(0):5(1)2(1)1(0)
14(1):7(0)3(1)1(1)
15(0):7(1)3(1)1(1)

4
1:6>0.07136
2:0>10.364
3:22>111.1
4:1>15.47
5
5(1):2(1)1(0)
6(0):3(0)1(1)
7(1):3(1)1(1)
8(0):4(0)2(0)1(0)
9(0):4(1)2(0)1(0)

5
1:22>101.1
2:27>0.084605
3:28>0.39615
4:1>15.695
7:28>0.1776
6
5(1):2(1)1(0)
6(0):3(0)1(1)
8(0):4(0)2(0)1(0)
9(0):4(1)2(0)1(0)
14(1):7(0)3(1)1(1)
15(0):7(1)3(1)1(1)

5
1:21>23.3
2:22>91.66
3:16>0.04547
4:17>0.008914
7:22>109.85
6
5(1):2(1)1(0)
6(0):3(0)1(1)
8(0):4(0)2(0)1(0)
9(0):4(1)2(0)1(0)
14(0):7(0)3(1)1(1)
15(1):7(1)3(1)1(1)

4
1:27>0.092805
2:25>0.18195
4:20>16.455
9:11>0.78185
5
3(1):1(1)
5(1):2(1)1(0)
8(0):4(0)2(0)1(0)
18(0):9(0)4(1)2(0)1(0)
19(1):9(1)4(1)2(0)1(0)

3
1:7>0.048595
2:23>651.6
3:2>95.055
4
4(0):2(0)1(0)
5(0):2(1)1(0)
6(0):3(0)1(1)
7(1):3(1)1(1)

4
1:22>96.865
2:25>0.18185
3:6>0.09523
4:21>18.66
5
5(1):2(1)1(0)
6(0):3(0)1(1)
7(1):3(1)1(1)
8(0):4(0)2(0)1(0)
9(0):4(1)2(0)1(0)

2
1:27>0.106
2:22>101.25
3
3(1):1(1)
4(0):2(0)1(0)
5(1):2(1)1(0)

2
1:23>705.4
2:26>0.14045
3
3(1):1(1)
4(0):2(0)1(0)
5(1):2(1)1(0)

4
1:27>0.14105
2:22>97.765
3:21>32.85
7:9>0.056445
5
4(0):2(0)1(0)
5(1):2(1)1(0)
6(0):3(0)1(1)
14(1):7(0)3(1)1(1)
15(0):7(1)3(1)1(1)

5
1:23>725.25
2:6>0.03106
3:29>0.1303
4:21>18.575
7:28>0.1896
6
5(1):2(1)1(0)
6(0):3(0)1(1)
8(0):4(0)2(0)1(0)
9(0):4(1)2(0)1(0)
14(1):7(0)3(1)1(1)
15(0):7(1)3(1)1(1)

