1
58
1:52>0.0395
2:47>0.02
3:55>18.5
5:15>0.115
6:25>0.05
7:16>0.3
10:42>0.2
11:28>0.05
12:20>3.44
13:32>0.265
15:15>0.365
21:34>0.195
23:36>0.025
25:11>0.11
27:36>0.035
31:23>0.035
43:26>0.08
47:9>0.325
50:49>0.245
55:15>0.1
63:55>7.5
87:55>26.5
94:56>55.5
95:54>1.7615
110:1>0.045
111:23>0.04
126:44>0.04
127:19>10.44
174:16>0.405
188:34>0.54
190:22>0.115
223:51>0.2285
252:51>1.269
253:25>0.04
255:10>0.91
377:54>1.962
381:33>0.055
447:51>0.068
505:18>0.215
507:51>0.774
511:0>0.07
754:2>0.43
895:5>0.76
1015:18>2.205
1023:35>0.82
1791:18>0.315
2031:15>0.07
2047:9>1.44
4063:21>0.1
4095:19>0.225
8127:45>0.07
8191:54>1.3795
16382:28>0.11
16383:18>11.805
32765:17>3.395
32767:10>0.345
65531:20>0.14
65535:4>6.225
59
4(0):2(0)1(0)
14(0):7(0)3(1)1(1)
20(1):10(0)5(0)2(1)1(0)
22(0):11(0)5(1)2(1)1(0)
24(1):12(0)6(0)3(0)1(1)
26(0):13(0)6(1)3(0)1(1)
30(1):15(0)7(1)3(1)1(1)
42(1):21(0)10(1)5(0)2(1)1(0)
46(0):23(0)11(1)5(1)2(1)1(0)
51(0):25(1)12(1)6(0)3(0)1(1)
54(0):27(0)13(1)6(1)3(0)1(1)
62(1):31(0)15(1)7(1)3(1)1(1)
86(0):43(0)21(1)10(1)5(0)2(1)1(0)
100(0):50(0)25(0)12(1)6(0)3(0)1(1)
101(0):50(1)25(0)12(1)6(0)3(0)1(1)
175(1):87(1)43(1)21(1)10(1)5(0)2(1)1(0)
189(0):94(1)47(0)23(1)11(1)5(1)2(1)1(0)
191(0):95(1)47(1)23(1)11(1)5(1)2(1)1(0)
220(1):110(0)55(0)27(1)13(1)6(1)3(0)1(1)
221(1):110(1)55(0)27(1)13(1)6(1)3(0)1(1)
222(1):111(0)55(1)27(1)13(1)6(1)3(0)1(1)
254(1):127(0)63(1)31(1)15(1)7(1)3(1)1(1)
348(1):174(0)87(0)43(1)21(1)10(1)5(0)2(1)1(0)
349(1):174(1)87(0)43(1)21(1)10(1)5(0)2(1)1(0)
376(0):188(0)94(0)47(0)23(1)11(1)5(1)2(1)1(0)
380(1):190(0)95(0)47(1)23(1)11(1)5(1)2(1)1(0)
446(1):223(0)111(1)55(1)27(1)13(1)6(1)3(0)1(1)
504(0):252(0)126(0)63(0)31(1)15(1)7(1)3(1)1(1)
506(0):253(0)126(1)63(0)31(1)15(1)7(1)3(1)1(1)
510(1):255(0)127(1)63(1)31(1)15(1)7(1)3(1)1(1)
755(1):377(1)188(1)94(0)47(0)23(1)11(1)5(1)2(1)1(0)
762(0):381(0)190(1)95(0)47(1)23(1)11(1)5(1)2(1)1(0)
763(1):381(1)190(1)95(0)47(1)23(1)11(1)5(1)2(1)1(0)
894(1):447(0)223(1)111(1)55(1)27(1)13(1)6(1)3(0)1(1)
1010(0):505(0)252(1)126(0)63(0)31(1)15(1)7(1)3(1)1(1)
1011(0):505(1)252(1)126(0)63(0)31(1)15(1)7(1)3(1)1(1)
1014(1):507(0)253(1)126(1)63(0)31(1)15(1)7(1)3(1)1(1)
1022(0):511(0)255(1)127(1)63(1)31(1)15(1)7(1)3(1)1(1)
1508(1):754(0)377(0)188(1)94(0)47(0)23(1)11(1)5(1)2(1)1(0)
1509(1):754(1)377(0)188(1)94(0)47(0)23(1)11(1)5(1)2(1)1(0)
1790(1):895(0)447(1)223(1)111(1)55(1)27(1)13(1)6(1)3(0)1(1)
2030(0):1015(0)507(1)253(1)126(1)63(0)31(1)15(1)7(1)3(1)1(1)
2046(0):1023(0)511(1)255(1)127(1)63(1)31(1)15(1)7(1)3(1)1(1)
3582(0):1791(0)895(1)447(1)223(1)111(1)55(1)27(1)13(1)6(1)3(0)1(1)
3583(0):1791(1)895(1)447(1)223(1)111(1)55(1)27(1)13(1)6(1)3(0)1(1)
4062(1):2031(0)1015(1)507(1)253(1)126(1)63(0)31(1)15(1)7(1)3(1)1(1)
4094(0):2047(0)1023(1)511(1)255(1)127(1)63(1)31(1)15(1)7(1)3(1)1(1)
8126(1):4063(0)2031(1)1015(1)507(1)253(1)126(1)63(0)31(1)15(1)7(1)3(1)1(1)
8190(0):4095(0)2047(1)1023(1)511(1)255(1)127(1)63(1)31(1)15(1)7(1)3(1)1(1)
16254(0):8127(0)4063(1)2031(1)1015(1)507(1)253(1)126(1)63(0)31(1)15(1)7(1)3(1)1(1)
16255(0):8127(1)4063(1)2031(1)1015(1)507(1)253(1)126(1)63(0)31(1)15(1)7(1)3(1)1(1)
32764(0):16382(0)8191(0)4095(1)2047(1)1023(1)511(1)255(1)127(1)63(1)31(1)15(1)7(1)3(1)1(1)
32766(1):16383(0)8191(1)4095(1)2047(1)1023(1)511(1)255(1)127(1)63(1)31(1)15(1)7(1)3(1)1(1)
65530(1):32765(0)16382(1)8191(0)4095(1)2047(1)1023(1)511(1)255(1)127(1)63(1)31(1)15(1)7(1)3(1)1(1)
65534(0):32767(0)16383(1)8191(1)4095(1)2047(1)1023(1)511(1)255(1)127(1)63(1)31(1)15(1)7(1)3(1)1(1)
131062(0):65531(0)32765(1)16382(1)8191(0)4095(1)2047(1)1023(1)511(1)255(1)127(1)63(1)31(1)15(1)7(1)3(1)1(1)
131063(0):65531(1)32765(1)16382(1)8191(0)4095(1)2047(1)1023(1)511(1)255(1)127(1)63(1)31(1)15(1)7(1)3(1)1(1)
131070(0):65535(0)32767(1)16383(1)8191(1)4095(1)2047(1)1023(1)511(1)255(1)127(1)63(1)31(1)15(1)7(1)3(1)1(1)
131071(0):65535(1)32767(1)16383(1)8191(1)4095(1)2047(1)1023(1)511(1)255(1)127(1)63(1)31(1)15(1)7(1)3(1)1(1)

