10
9
1:0>1509569202673383086139498705284120345732781351259473734725216209572514788376694129265224645066309494215829403104299666666732188442040514854719184323821302136509404037864494701519584470560774855518150927510668598622332501035233512881613142247024572557908724476723869339823832047555619118689038298660350204062835709168761098324607608362920298618984609982721726105922656982908180131435430060355113640631933111690127019975245680115818043756093318506783080158152570775627237078898993253820027883324728778533113861846804275929403591133696588388666575485162379602837788739013605539662385029794666224840418545970773710151351
2:19>1389325958748572083626526094385859674590334235233089896960249361219635988775466286906724443010302386281831720865721160662555939899626461684370649010255612669446976865939428607952578108224727707131587158393190034227829647082494126319303879001233003178975010095416075826700862301680275763136242406086179816825491237292355560838655189838478474437586816773586925421149635185351434096642375344794038101240925598990127086752911402772895864081398093118329615719447642216820329235502675822131102297519906325170496062928884010291785360465816226508126164615923502740908805162140456406560973774663334892511584587903735898537266
3:27>9225350445204345361888968810639682754332449826106354693117484867601333184920988069833876477119031019572918143747364842037807637677854228805673472415653779497249555554501666616867410503806029124948101894774073884956510962794927138466086255328926775166360876112311754521415294361777744671472172245818464329802789230935736444410906653990053955670530773288407539275313082009269805979901832994916124841267400171190589482415811360684212808189619791878547472387681599247854945578950749542093021635326227519954996683535131293244236355869353097752529293835119837668005378568090358962889441329241419542995190850965737044180721
4:26>5830621212028444658749721712053679603771597566398824759087604836664897777855370597742723451898180412247369227713825301053954361526662243722084599196068504445838070226666578336227468347914509023882208846455217889208677821750233959780122590921141594175238816442257617376481621637468265265446355782844342436737483142570728151829885655894800512716961812887258748501974025279103392450402586225096801112902425423381786616458910779531626532658875900675855345749045797437907448844579838585055898856169452314554458003713723053851656066249669745323474947727629746757035398113464933021658233597329500580080985608222341098359205
5:10>7326682184135754060353562252916624038538733765208765658765750285478972846668177909563374885807043432277212203522120552709594302317519820960674053982103853125148863502411716470687926322766060959675473184485885465789963490051447536693966553678093695955936151414194043559676538211590327499329869954163056109759504107973307476563427549734781858841250864529446209897979436088651372353590075050751062435529825259266604270913997488989074094767936980381931129457910009369898172985464734632655340321555666992841204850084411265151618968616451288747625705557128071826113284970477377543053267639268916720265074024698287127504849
7:14>154992182003229273274823284303439316379014379568712147139670597808702835421912177664929570416468573828419911912211688789136576616382051901356638199318865059276861656759751304282711331645816278603734849998458068480578300359415487202811944669405134453963516461227028879064658865696139181292670633521386792878764080083369732955212542352828616476009017529089965291170545025696083050120460852158114788756030041077890441915894708662234958287531859455311265161657134215042274905771616622042492782573318038053281683411397356021677626293202777173914270729618858766220793839396162599964564361422796636504088167337359759756620
14:25>4518763807928840116156983513559026268153555705643639147021137950646338017026188624904594289681897174680960096484362884877585435596027375659736233661031998729302838732868825982590528253410441917447525245770160227669468798489272270852674389327464803014969647479185055599893986167062927126945672033583751807189359750308678322647843786059586144875265875207118989362309512090454229028387636628730628722861041365424104653587391988425995465422325191655469165308997242347055690391612364953626487349299561103271162658073786186335318084029329144555234797371942307186750677801563263175262035629083816745141975878571658925390679
28:26>7954356264425535800370047184931377053520100636236069110492584541105906639457320846905526665060398145025006178559023482281299646096234293321983385987469042561480260531534918661576161384812210338915281523880710228007500657912007374306227628319058177391574903471882987573820189786635965919564536941024799327979106780086620466502979368851250788717475390082578092794220162341338328257407567467125358383697679188908833701786937550572363843482584929735365163733339074781261054762381571888857586974101970649311815188514675294684300597907361028343413003753677640344309645346329802318740545532588483301439706970952842681124063
56:21>2366538675915005008093892751859976771055818859596188855694281079702820561062751227806744846164987405588813904325758610840401687292464611499917818860938503448002868146795091498058407171338844028490037299011405398310420881772841558634528402634832068669213583733180807968620912885826496088235574454891958552467380338074529339316926447334001174984193517467001308756154917395342147842741718156371337036534239839308576602006274199506872834861578175612735183375956538095321143946574361343226456196685693880610329426052147965891077779473779456122418965130855771271150288125443021961626314442742890173783015658292382689383691
10
6(0):3(0)1(1)
8(0):4(0)2(0)1(0)
9(1):4(1)2(0)1(0)
10(0):5(0)2(1)1(0)
11(1):5(1)2(1)1(0)
15(0):7(1)3(1)1(1)
29(1):14(1)7(0)3(1)1(1)
57(0):28(1)14(0)7(0)3(1)1(1)
112(0):56(0)28(0)14(0)7(0)3(1)1(1)
113(1):56(1)28(0)14(0)7(0)3(1)1(1)

9
1:3>14618352151613873376160284877457274821312644752734315456803059730942247578690956449232402395841870144483622093466336859934168380410444484185387295519894095630957612259868614528369387236156047779472498697990967813221657786170837170797578713851623236578052242030053339676244439993036729180975644378165394142798175470213851588990903193854514835089149773814014505648945243024044415050675602440006890177947824853364490797841625349906160984837790057550482771050841145663275840477825364107054723954217405662677735462110973416552104112718912016849111557115355454332929559398006488596118046015768922690679977491004326951031000
2:5>9409875647760593278803322085428688492758211149418710226769639276795016185774752462736407465372441040197336245952689799677824635352878058809823987023767629765276960259406225143160843237999384784674645112852835348500778536079675106824778710231078728223649013395489978928337192438854012564195219912427903139248453631471558270068266631180214569326221342795507555418964421439450911786761485154174998681905926565856089251266617631745631007362278207901570328352370386290705647919614949234304984493279054761451958653736148767945983483259398088893194350364831210398509410655737862707707851945615455526145184223518366669861568
3:19>7301656020586585759369636249144255837683913477407975206199359536959419684616317715469963772436236753223993885097269480438093388830521959783499071471753214995603225171687985233105344653457040767121616993796286200132298678524377423303084450559673291748064816404249781022809015007517332411337677975647050997364874881278040197517684236996448509961555283948678430090010491273938893495320053706290875854258812082336496796241886315073369032167340102118832313624148056943695337857318554485929182420728194232847167183011237598143079000443072723448829845609060226008525080582988244260992052940843253146119140015398767247379283
4:11>1008396001812655538076398552973702821762718768927372048737351342042805506982347297579605724899675592240488303778505539592458927505768311829128559372146746973672346422004693478078834368006176452793172863907449519495733151664000559970555653242286597630854005409837017796246218869796436214834553262653970037332727154777657324603850309256027650038233397081282244203774182950766353864005912691612148123139985165074797368300181048729430797329461516952694392701547158978062409495809840901125427400928253278040268261624766555905455110002953456604660013435904426456287095850574351233100482679654391285164167702599290957681798
6:9>10848416685149180209429364943754541925553296414391637824050087126608408530488953595614640454295518320025386550969832098309947766935985881779061556552292188071012422046129164991006092539446107283347933105933778066805187720411070503307576376147935474231975590654639036489160053289943030324881062285418503981988170363640931114707851430343582172240525420285922445937557913302687089499843280304913564996261613621723957495086252275620013474392472051337202786732418405876310248761755560552977526400978523636487562533783359114447581404078331030062292640622409376097252368363420305671433549939535220037940283339837643926097486
8:19>13240530810471264332842310237917765872274807749710165802648983100000628621220602236608880751923470942364552281654890198856780082477130647513432335065977241294972977586979552711772598038198330189084468398153154839918029774212370629913293305261512030825406288658547500620883625089685792531128942992041347426626313036535908235472153968849367512803226103397119444259657593261536515025029543957044259786346011370751492367223608448514920308887033206614530958822792099750951397055974661399285894178860751959682916954705081789614334452287841291277634508853011551601252129691381579239763043794104986730308411522043548296145580
9:13>6997194557726805406522835373229233860811901034705634905418899409626789853981262253520997616880215497731416620180654468931646571155877564997088106660189581834202254884976921054197456625838013393581448813387887893609354694701683856672814138194334482437545267026515752698701652029509836417185386804291204239265390436409898183173040378850512986364479192527473160512264511575366862473939852492939086564289908811395108387539943447246444611818971479685987055059555863370105964742098799180312857953992122092823562912260996871993799079221646203436421241608217288252943903339389386911397446287142280643424781695772385824093719
16:4>2296495877958375268190108194250832355872340637682236651725266100076281486541657054429603951241658670142675515352227456286689512535254042635754335024231623946376822230343335880505722685305549708849799154143905796808098103500963211951651147299555754166596769711979106984756824885954410777207192635597445864641433275432320571984634567562237178748382400836716397879945186783293263749316117183472227220813230820353558149131521601218085357363786058000110911142755084986602588472346207133122645226994450982658803943967917081489492087143094739846221720630300753815723433867778530641858112034411245295868101541739348018742117
33:18>5429295171869520434711839173673969737895108143861273835013888169144988264837956025203242508848190173186984567325045254616494180869351131070406704440333113375188448561656747867952360577400489364690269105800269078749004887914096530362386741816523552522812355760065253793288948641890472148274040242955012480970254525665526147689304261420150650692953911914668465588505416641823840901487358682558015002942407286708122391912490241030733093524520536472881738357879822057523281168807396259003944727534648716094664993575389987662932925532229718586210185086859314358142320271430768754138275930965612753408915298464288278635675
10
5(0):2(1)1(0)
7(0):3(1)1(1)
12(1):6(0)3(0)1(1)
13(0):6(1)3(0)1(1)
17(0):8(1)4(0)2(0)1(0)
18(1):9(0)4(1)2(0)1(0)
19(0):9(1)4(1)2(0)1(0)
32(0):16(0)8(0)4(0)2(0)1(0)
66(1):33(0)16(1)8(0)4(0)2(0)1(0)
67(0):33(1)16(1)8(0)4(0)2(0)1(0)

6
1:1>13265157213020047643048645265137380268170415684570120275198176591611871376994641902033445562369863193481941346920386881345511885908534124990431958348782217454346092670850574675094865177234461497265413815607715165224909131405605346589393780317287019922294111402998788209051921890110243967199576130024109175484336937875004874239324030681775617768957125458856601069187410449484597565827353967454312132054707673003197022114834873775385191171695855473282739501494551493507115325325638002907732855420980894716348339113547621483857008192552210699822916686491364912311586600618456339426154298320999337543818807870448263818601
3:5>9409875647760593278803322085428688492758211149418710226769639276795016185774752462736407465372441040197336245952689799677824635352878058809823987023767629765276960259406225143160843237999384784674645112852835348500778536079675106824778710231078728223649013395489978928337192438854012564195219912427903139248453631471558270068266631180214569326221342795507555418964421439450911786761485154174998681905926565856089251266617631745631007362278207901570328352370386290705647919614949234304984493279054761451958653736148767945983483259398088893194350364831210398509410655737862707707851945615455526145184223518366669861568
6:27>7681459197569324893053272814501792615219010211840786828293838606657038768378650933791764053672656527561304394741032237601801780901033989774943723334301597161682934931687243985762508422714435551627954031668819780215319891966975715287740589631344061107905838503776835894205342498960022748400319146941000573994199072805810883195779412106775619688819869164518844670993737658172031948870638731689115631636487413286489497083233239229763312705319206457503769716724039824484708237602845373346523248164697616634562424157341204168566327331202305979611110404104894455625045195815077858990710365240958301413721203345365578495933
13:20>14220092636730312376932269989035367697917646104559763649121390138169114494990893207273476950948588210132987065792821451018859494830269073664703953589471200912379053849084824498982339400464375257366032565885478527355192526209720681447469357977795206111220779334482753707818524945583589186797335224808166389372731018326381504091805886721554589400425848549078845593079055043151851140237342524169162414206413266461533982150170027220600708427466164392902712940482030345004776271982400745297077770257851424758753558069102743447239924693281639315883294238957482277087508297789556996620355823410752429340466111237767194012144
27:4>13466087427476360416066662212850206717579335766428070138501661834116978974912806959240722466303928554079674007672501028652001299665780209472619485966462175252241439498295298343937754831608222800494206771739070550874494442492712159426581307395216963881460548693002621123450512701923502485086170496035385066078970762913418478342126565726854721613550842635993817361989143728462418864727658112067450371008614027299900131360212543786743955148595581302871456922563894832719104295145327848547097271697162389599901310587922230940084736171969733154400120940639268266101756100055257537471818881673088273099819091085915351794570
55:19>5421971480678034392415960865530482048506251948526863113596951760899223803287506715579601651905626673511070416459290852944852758585696184000644578007988948605806672067553892336089498615842562360875237881322992433609812106711436359282653998995880237590010764051936177996398240991884703761569163931371701383806617117823897236240883064833544354982412443897899013215894218416730176565783912795262914403196145896142773378074916644709262966607577441823885771481722172282004679278781608199952758046934197788154079967050806554339423409533852558703268975555891884261289377595815160015543861593168874553941578682945379631468971
7
2(0):1(0)
7(0):3(1)1(1)
12(0):6(0)3(0)1(1)
26(0):13(0)6(1)3(0)1(1)
54(0):27(0)13(1)6(1)3(0)1(1)
110(1):55(0)27(1)13(1)6(1)3(0)1(1)
111(0):55(1)27(1)13(1)6(1)3(0)1(1)

5
1:1>13140739731007752931076626696695986555466569381487118514662827425299152989716311059342031804593011149317819874078972414189253636824720489455446951093652713206199733673376038147240272911885894935814889182292640629593293782476191579272917439768031445296969800175916472827590006952579062930332312234824051422178582757441615838806426903062177260055272170569496180159613119939684288728669012548860784872255826682285517210251619747437510145943112241434978234232432951969668272688128792002792930614352947327417041858191219950102769625780398590132992341363845243286245641222928631993289040547260408283251998504438261405918103
3:5>1887925110178146391014003639988257173589517706439248292815086034714587529360687712387648382253610051014454186591203867784457027408410675755638223467239958734947707917695673585078904419602792949986429683670695119492640965753777148128091904955154640235613026192517836697210622137617299460026495991249860597126934999846393708173277366459274159120510559441710826403304979017747429755915437893552348246519125737051609858657106244619391848531531190990943436207384098762295649856821961347689809961803053624826466670132990602495906786915372057773553094957059459000867564791768793935659488965664206040394643787989377087178781
6:19>8335370215247139464409111198492136284282299783962566882176546552859742756272322210840956782812444616644329311448370747033324517645795832682533375830147028548190558153219113065857830942122928758815628359751279665560610339465312133232666693610751984572612346073652934741573399213826920684816513766339653571195286366284627930655647244641614566191177475582777913327932122186016242639725662776456413309797414598538471288695735712117899360770824889188746692715654084715962936182403335794168465596397528304688877330880651689569775465316550817588901738176130325068418009163538963010997857051124465705209373242365550923380597
7:25>4997458373292041904960782328811889010471070399048361838023650337226700475478838870945347089864476889211271252239249047532023084944059151874977557304297558449002765804319755280464381898726043558844509351670007580577034117872269092900759879539173493332550542642340577746033562245929864363525428943544167394130383867776756879401457923453451557331532072938744604865590743360669428619262337753816717374334592214651394176914800549455645319432602464428223628868635505488008361336556616172412811871685491188300113193748081621410481435222666971028592340883908654372516464543831528202440334025265982513422689962521384249152950
12:11>970625201801088703674425125599909660849137305279547575883049342886372510498821642906577276074054021122646634052665680417032528397347599328429223452210156705628310281429593372815470392981328408374979872733091372805960578152690555234189735445887828794059418842378661592651939270341277967009485308722366864309715064320083291595650306143683597758829917093707644673256702845608102272484692919272251755229340338518811991701621549246452054368697519995078793737797952826768122856265038335242929719656608057111876863702055750664120359095249727324310702256548202508303775743763865137762647933305884882907610804161915208549890
6
2(0):1(0)
13(1):6(1)3(0)1(1)
14(0):7(0)3(1)1(1)
15(1):7(1)3(1)1(1)
24(1):12(0)6(0)3(0)1(1)
25(0):12(1)6(0)3(0)1(1)

7
1:2>6422579544400151972736161128018541185871649621086768783139114689307663343331036172187786239958328808031111244546199737465707604488002139115138783826911746377974095545883012412940940216822477966482477235677359051742520351660131057477055946669240516370025917052568793604928606116256773283858052270431935713332891261906476300505945850015768720211396439053391653050063146764194170348644245119624527772360006048637830601076498566030925851163695539141817662394397056728471610455226071308792678227204950718283218069845020002368509098972965459539568544287243447234157656278302470992780516373222438814332030703384330193702257
2:23>3134816248243037390525947594174725520636223742605883383015990863700713068037990946693764523542225051337372177744053536131192407647506988697037332557904906175612171902283522189900530434038805193683524863599113048713414121410280003724170016586749403825158648993293745990981104370292953857111860821744654357957287767187631257960186091794873478586297698090348644522624087406970530336469712746903519791711205661785526574179304724993880798493060876512324855757948062745904784636033091234517364582961509462578580380270637342509176843172157131464744366967037679081229435521071040387300408472595500305022198392575447571881894
3:11>10493331193731279474697038191483790202681041041121402110755359819243739742792396562200985668782983657879357629184562789210793659263669127841320437195402657870675406634336353541683476458056982646664161301686155663522313058273835530689219364275596026198050345602652232118448291802275568539109399641366646655224625168403332230598458096329949233323773592088415755335320245979362675833387213369988808374361871651460618227878135063943194683370405630180742253063502424005253654594222928548787512997709135216302652010562027016952489929700994513237207490675554145780778985566832098027897211237534034030821005500795056401632398
4:27>5732535910630714160331903191352793599559765402885033292805627399617444921674712600261699355607277595046047976531468994591727358170862174949478400717436658238983672860138433291029984233020738245812188632403742396111832691923242708765898480112532429871336801057464886469842013848468733585535279867989194599174062220490371677627112164686157860802152229482621781130966169270463677330023751966850846249170529576795167645572424843189255123637318493364537444734836463690373283019064899474516179493482822935939462332884634217132442790092682431470243484393785145457290035488019260476678735509938873907344701548780688605373643
5:1>6816190421821570844517493545107813377283363372330339861542829573198832288715791304675349941776909284617020259654910517473249232724268888133220651068365034494124761551834815034639135036877480606806577641861165628160969908385496107004890056558855159874410220975488232674926284100454643843250761787697840311337878430050082679634823632777537503920930046384294038801121623141855471552562330025167361343440182615156409500323812967726243503339897901710857373830058335639257767752954157269635283930844020772676956023189692028282519347748015710532373872627260301792738911829538298422686312313209311123323333440698201857485917
10:9>504409487829846302084497394466985777286255683581195423020327369075435859614412726229501045318487778942609959090893673900443472210194210256192861132557092004653120002244743364430624940864566474119897362595276442123601725784367937247688660113948860557053280551799658450492618043222647637986597281421095322060044146392064551477422048700283602337325429887944110701778747671874164659252277028524727874090155208417542459904205228017640002870855255054098001633001184144558438493056012184513081837944871209070751807341411158903201294501075722700453334754699268333336956037111279238960999778611245751858941618570838483068174
20:6>4781011583911963705747391139433538318006567133800111564561455483526867322726420018044729846609290080942082043778008881716491236100042717119645710526943321315742694115806907411202300981623725933668024888811987187942867330117649973029933868793586104624088603786858705822642326930855107731248508046231051514120542194709951772858067632891665578385360683172171395250351401015323513312864779645390785571899724302789448127642762654758317456554621437238949755342346580097815671105082455276819352199466175554220439676805560191656649685556239893127140697594062986913534209734780411590690336045972069395516008066115001574350385
8
6(1):3(0)1(1)
7(0):3(1)1(1)
8(0):4(0)2(0)1(0)
9(1):4(1)2(0)1(0)
11(0):5(1)2(1)1(0)
21(1):10(1)5(0)2(1)1(0)
40(1):20(0)10(0)5(0)2(1)1(0)
41(0):20(1)10(0)5(0)2(1)1(0)

8
1:19>13109339650023615350547319374251402439378114850684457325297092925763031574226853708435727821629780963767272550360026191764141296046135804218840038387805316652982115633408253604098718622308353613743871181095206406226657629736006360142282573962923151425259639780459198109193150644169546072859446272738254586669120406314791613469523076426214805084843743375094028017078376389927756122788747303974539390361269704022959494383993687263556711208593728073563216279652707103729269485518358482405901755774722226891526446769800995871131508208174601308371105805171388461167364235481481567449183182425589612191618275127262284204409
2:26>932511288139713975902406685026795064667259839112030251192131653379012604554127166608439344279426895193961669363550347767868120026045664026829087236385093601204887664866023331959706684327884502370249451190994183980504869394185140447426656887488292113198168422060558281264880263697153955162525698308400772257071400161747069609994209056326269286327838352999851896166223770258530936963949271016896345368323451892779088322034849219717215408677852499625523782486758770528665483295058748513841984005077769325381317765260580593462748180697127632815171170185935719013885416454749929453203364959219932987478770900709376400287
3:25>1585531563528882493688607565139171862207014781810638925597303003021842276352354229591517467190902718582793171339705784454717463969892016344702818690551412073330281421136382341568903328230971218897146736579763526396165751146656689992850986402827573053180416707822319900321361983882785322805437844176685590031812452584263329196024896679609566825588131728367296805740015126294804016836691954258254083670314553473713025605369005498167309000139678818184949683554320905509436644046083311918840435208260225273374297274316340142831110734879696054327165516023385388477937124439360061416393276842782003288092464993581556094508
5:0>1170178925965982555800986020655655486884437736879626438529866350094729001335701988857449701915620585440490142379543428525038740947213900050934215349499583778342349033975587831534595949198442115452847077763468404095384641844856708958173689739339654349602050960216315552961824922506499688321523830161528843693663409486193021438209921067903338493652235977319007215084753542685830475194789073636606757137543771104501843990700721947101224353551631110298140369565205421701771657364740681597447014736400630000596311631177682143250698280381540196650137234080439587261885695837006356901593227272533562534007221792537553779807
7:20>14210183185696458833860306300750664738160323919813690939209258794130181377275033986548300337168342757656166068435628141353148045334729087567429621883641224900003220668141627842332215521462858328293641209958784013613109578581065922597547890499831171347619011042174343856122075774674270475254345366029768089896184190905383250103612022375447471167712113018096650321349417058032146419432488706316178914104411463400965908270047937810570467233406507175149523069855536579677118883500989071569670348052682661397874395984963719091887599821117681285153807069979968022324988238447971509095550562197212202257643630151114703950223
10:10>6059317518565154725339833478338671384081839148567779636659759552656436248156759273815583708222955225549042520083171447982197218783342181764457256200414362004102865103491483411319425289017877735309187100549883755201313418512157100324206478611087728630542360724933725782938911168741996031996564786907584983082282629235301925315311093953932987898626126759082744401965819975834721925915515161022050483286196269280856173223219360870337802475409002873990378149294676776791477116096254377679178217309213432036282783864267927208070401368228988317348463817280149359579358196402609712180985564968818391839598077572679809149069
20:4>13770242872108363187338860512610607980001830200120761771395870785234208418780104066745682028681760313446008327597003955427159194876011787324108400101076275424610956251528647326746143608160370812746656001416485463256726714782994633655868465133444412472216242224811702654047499495865982345672071642475806252731540384499159669781896672200716055054717129335000510343581773138666356422922492685505474268422807190933589877410774656124117425883130450898011312354680136051327806720176952924013400330275732488115322699256626223001595086643298427011068374422937391735957695643813218737935682867362929586640026929092947049935272
21:9>10848416685149180209429364943754541925553296414391637824050087126608408530488953595614640454295518320025386550969832098309947766935985881779061556552292188071012422046129164991006092539446107283347933105933778066805187720411070503307576376147935474231975590654639036489160053289943030324881062285418503981988170363640931114707851430343582172240525420285922445937557913302687089499843280304913564996261613621723957495086252275620013474392472051337202786732418405876310248761755560552977526400978523636487562533783359114447581404078331030062292640622409376097252368363420305671433549939535220037940283339837643926097486
9
4(0):2(0)1(0)
6(0):3(0)1(1)
11(0):5(1)2(1)1(0)
14(0):7(0)3(1)1(1)
15(1):7(1)3(1)1(1)
40(0):20(0)10(0)5(0)2(1)1(0)
41(1):20(1)10(0)5(0)2(1)1(0)
42(1):21(0)10(1)5(0)2(1)1(0)
43(1):21(1)10(1)5(0)2(1)1(0)

6
1:19>9792664377411973987481526302891486730377751507417732823665059721414591764285893404839619501905901409863024807812817773277044577615706581348517510827265057701675214790130905800090331953814741081120241431935775608481030032307703497386595370835648836411034081417280548552000453695268073540608662328782611526319673651542737903933636746070231924983520261714117534498457075005752163745029013629686010674316924442252752958818496366642432942885429301995786418072583874838330667141810144988904380535148389551897452494610490990022738414987639824172852982128823086106073734460088575860120825452439054971739915859145412152358419
2:22>5335950385887085353475066766058054626727745776475289619303064651879711461029155018970629700288410024716589627906233684598009569182790451862414259329665127656977481095339454745012608980042708187762260016254083717423523853761855972351939408908330398013328203394503922696043943038023097629370267972887199935266816767386915281930190373166922546722230443861667150995605446873490977149920699253934261509071268983141365078653721400043086299787721955176278097281463689150920079099986028179551008153089506338272190760293875217800465347994938057994173128997630952702191558540980029910122136868934721818864538990815782329070908
3:5>14937236976011294341163138554716503272204690272189919670948772133515988830251590102216227568993273632669010409879684618662827128807024985694920098083416331214318612543003346252992760133195227165432182121116909233448712439549299541823820545557106717356174895437439795750148342907450892925951372837762269952488604077302978373822241464200334740074743383555173556446741739522500795710380982849975239530558635833280558779011529844801567479490853721449710971043851286471529989114031444154200769907055595636417560599710209173687115824188881474259849105089421961952488701750152393829953696102142638095864562875937299110591056
5:7>8400484923893492110711580888817765275118680434468458661162483920753229800864209657152483575202314890100134519669928803600016008486473561649794786722814273912238977017420349984988891132124414256713042336351498249042654131727735345681770133064348505469464152678857435225533912496122437851235815851446173439410346179120548797444666034811203951477337128218709961288697685975996109233920739267841662486976742432921628375571201046246604447299625151855493045626369257207930496143390086260304025222964222602477977852495183782843170755054576470399661588482468972845872267596282388511506180573629170389813936864437696003550897
10:26>13396329849452108832214290864550306867487539683554839200399085896395149121653557654756708846430930545850187782077306858967500586661186273789786430633960396413176467312848385278350781581420336888488497674360385645123020920471182551382118743689226898876706302374364605579414488568965729987716142545342504765216924143311889226074019988601847284716995443570764896795510479228326442563616020282893633786452160913330649637966525410602632920387058762627864567323390598710546036547131467947617954884297319684883031343517885210997182704254954633871636416993481116280176905946619144810593616392563756325729931188263349897032706
21:4>7534324068698550727918960002295393354090220619935455400118652869329080424170852003294592538089717374892559748102026992214946365590144485108084062435281882737544520893618443326300759628361253239528668638118942113977197693653183504530901587351128391045617462033448167798153998428661751329214532972497543250487111517095281380500943590924043497727278162470693211121686947010906159514051814235127232174620267263302541352318617891608589815977358702963447619851812423413481880540127664137970056487230225489594203989312564817955541114995556687084432289723232146789746680082206599904396714668476922057252680269733281999483442
7
4(0):2(0)1(0)
6(1):3(0)1(1)
7(0):3(1)1(1)
11(0):5(1)2(1)1(0)
20(0):10(0)5(0)2(1)1(0)
42(0):21(0)10(1)5(0)2(1)1(0)
43(1):21(1)10(1)5(0)2(1)1(0)

7
1:0>1472299659772301688071283499453472495210178523176480912715718576251019130878087506038111991472854540720045535700781435120141066695125541911908929550967279956264742442090602494731318568084719984843229720370294745663535922455540563426397614727896754743890097776834008739377755926181698893730205251908575132921278586634743571472755684337014593719388775185920324457640245980873141729951187077144250490694161458148850765144300795340039117796136954570464796021966428716565154554127182651282291370630960019884423063697022466916371047281392820229542524635188636995537102266187819764158610734947548947228669172609827903115344
2:26>8943569067263189644057581424480486005905180787552560356538103742427737222294451257936598886887127121889385696184060322041661988786418381493786311731957626916928207775288364593401088202850671470229766780484589867196329917938785096864255547696548687800084677373367333017736615011179430407650465932513771694861601945325715022952651354350714328717650868253896177153072093753979670814069783591211392582555188436159656965149109816582979741242641494954976831240889272286172520679517021049167904706439337204733868712398637068672917540300230382972773051611026178482490838949251355267967229801525798777653450449526240034967927
3:4>15096856872465236689973620168241555878090850100443576947364099374283318290553017451044530897623123542715484231027792882281149347801950747743705460168580547287013624144814460720448104939598141646854455117040309282390676721501135706155350088020860999303320605990273798372920162250365805585182173983234672364221151491020801302179771887291110363902491279365332670433071015642413631147954844177441645957737525212661919238072342177986705115191310106563312808489924350647445175889364777869790005302096990376946866191436066149074551112743096441472851034570845818452758475509385596272827353392828074056703397687477605623548549
5:22>5863957930765167344851274466378705688415871416984256211932711981959711229566712321794565111135888867254877373015506824981167931320060780720411105710646823225779089732463618849601729369180639046171941285747531074098308930502102344703266512874035915139345266007307621638814781348199352730115514168844105039883646265892563083937721849860227002049873927039841711603748127390470589610982898876732077106503021868617333202799291016387536109628935589754653404827287952177281993101178499133370620280415334321598106240111130223288309483908145094212557793979430673055760175583750726338048474362396334848783628936851836633708533
6:26>9657394625691771043393395430301188101753795894929477244542018457097198057885509554244286176533587196277533153561978233490975188127992552265618619757224633470135743619372483675212918802656592140309079514862832727151627956923068707849330693127533344074812754335315340959890572065634032332097415024316276201162682010539467285501337293994407447466549089486742126104284194263094688082094845880259831699828173629452290631043405206406096704231086563673635739513359720173909370132055972158057961145264602626900389803691932452325617806924754416546359831685166869973388212649439775305384051384584619125095986718908173160349072
7:24>14310057379801799632557289182068068690813596685896902174019697100204403186051591171602779603867815129462422045074664071273310442707203908358622285779108931995537554991026288338070548878827282613082838525265593300322981270592303739433363714175199385855458253990206548659658315702392772370653762613819122483204774349053951555263801824009240614909192255998273364110116754061390109846526469509777177169790290812803022316009155380865802595879701066847179737257711820102473130366040024353162111150994665519120918151179621829842410743414664915868789374821632780813650874688690720429768834459290545137889140256279310145244426
15:3>7231382494167827826619031365493659960682320066173472909125792484517208933181483576600329205183340062713774593771771899648873861420412302933840118190116364179032956114352460860667221654191792147102433648776923470724104897412072570129021759267554312678291880434687247033975138390016644753885104665634866971504442416396948743191409013823321366428803068190669861391606026911988472145987871192991193970055509477318699675126370101407696914747913083676753767325557545638142433250908382114942700008095579658667410459385303794477292678756171995356241813983023195740050832599126010172653297196103173693424272183378241039693138
8
4(0):2(0)1(0)
10(0):5(0)2(1)1(0)
11(1):5(1)2(1)1(0)
12(0):6(0)3(0)1(1)
13(1):6(1)3(0)1(1)
14(0):7(0)3(1)1(1)
30(0):15(0)7(1)3(1)1(1)
31(1):15(1)7(1)3(1)1(1)

6
1:2>3402451894602715699446856373753303975694590414515773999266993114916537128197184491049322635942617104065764690573835376747064036228491585329333768870059694172026374295684242352667317585181317029159269569798275207390815524570559865419963720609496869593961000399846305313981281155620508822796882081975435292573250876990714043359195414192996054109165925814523316929086018984918492422757782031652142206696775022495615340929435850104770610631129900422371289728279208275276982806437619743893698337613625955236780009254749199462400027711158831494562293239808262228384761760998520745065180110734427222245950221362050312274495
2:27>10841874231918048423714571121748043456586892651549264219543242787745321593983666128094846920710571158213936029900395985958661863344937091844317545035075979272249483935258892183166838455903609814553284110867702330167431983456871926647118669123507927865743440988590060108615624131897930688332481616137918385034795591548464110772828437214050831919766244711217190818990528600922524108727831122392480993489422336351353772939997271029657041751458262699316948692412557387119937885225555797149008122435099345992453954936244466374305774462810109122726033757034271011099140347986673696876073023916512870081700353950710614602705
3:1>13140739731007752931076626696695986555466569381487118514662827425299152989716311059342031804593011149317819874078972414189253636824720489455446951093652713206199733673376038147240272911885894935814889182292640629593293782476191579272917439768031445296969800175916472827590006952579062930332312234824051422178582757441615838806426903062177260055272170569496180159613119939684288728669012548860784872255826682285517210251619747437510145943112241434978234232432951969668272688128792002792930614352947327417041858191219950102769625780398590132992341363845243286245641222928631993289040547260408283251998504438261405918103
5:14>11878477955362291896640372372475352222084383975395102224563543171000924770844099190234667447633239209163689827532302958063219443334309271661413803813992815306527899854074002019644536744815772820098687762730253791655042577304702787838104581794559765356687593742719297857143093243690111388607013836078936027566679360636098498773534658101614558084910776549884256533313301242054804272167621569041174554731215436062387886728986881562453508508463059151125651161662091033147719732369704336349736350781091195264934533411249491098222293577989147349728351821241433687596990281557830726709189805419496649748329732099558140919734
7:8>6676924492322988143007157030601681303315713885593440677518490823598687290403704035263077408050883136763347203106264540395242329715201406241362698308630992950198466715484626211360852020528827898134624588488458965650433042103522288903930362500561861757857384082439967100165052032099211806781679592411790398219242032770687208861832188719941559687463049164394210771671266368299390403117689001961572593631918384616871579945553516946459814022874257224175653224044801860584889308014856649278869114713683855798647719204357383326674210502216497406991446503923889766324390552120464817906939171043847572560336142894458733253685
14:17>12047018734636229044099110988484997162295941103464773001581762744247370210951934009418732225975462306787569680611263922577315180405230353630292499648874843206165601600332634666497859953337223709500199510501011163233687227161909836711987736163992813117144758603797555203123430753416165072422410705354141164578239399501031776108504816733227385460853688896361541413966551058548366579778066209221748426195649278553912145468339389212675184029590269396712903098616975742067873717584011588894817325022261461812445591146159411072126141755603520820324170720339936645009528123118841047782940436625320983745198225305082904968399
7
4(0):2(0)1(0)
6(0):3(0)1(1)
10(0):5(0)2(1)1(0)
11(1):5(1)2(1)1(0)
15(0):7(1)3(1)1(1)
28(0):14(0)7(0)3(1)1(1)
29(1):14(1)7(0)3(1)1(1)

5
1:26>8519053454950528014519537962287791582818110542947634695710449527186932579173488227744449727278761271959585432723646515401027465059513054925513450365301910186528066000967625316558081943726263432166988073579171755167565494056391088945042099391012461146040863157393271872407703352781584062245419645165249254171231422174975035796387852968892990407711773836501043409538783600540443634730924917232529771638417866994077832333789115704731603703023098113562740436379434200925702680429283819379631133406925648336871570125847878406300787067410993469635907652883731987259314349936755923081825011891009137280489892186716372448248
3:21>6442746580918652638161682650785998062847094689338423940049496219565790122751671732307122878680900213852994816531071992737791655559700756609462240295499831964910318025683675765413473639495001777829657544786885967907301483386648360957697302407531623581378310778275230074685050073447557512374099726764645449723868594078426263800861926704001731066859532708619051212583756835146571834589689005969249476747219205715510881475514371867145039827849066237749549890411670053195155818709293068942556127048261104748405577491424566129516390461906786833769838044947318958010562856198079467892235693993008925871509340407358927850558
6:23>4499191805041545789421965327886740817857040589527694254952658140887947427737141693389702656712083364334518144615722993417112130998375132076615975587126625915543093482158710461402515498160080601125774278964043380050992968902158014948325403098704317245361332396864155664525329553395118990532825268874720419769569866594477714836664270733380781994247652804171821438765534532784885463476517873841436006799082928061217588849122248560751561515539874179802125944754602488300763716505941958860717831180406908003206845873315767063796999962080533909991488942742253332630792710321311557515821403426777517395614795054507811840091
7:3>8340735436155054621872524294373600832957522906739467052666575742376501912336781671892987285625112353849620880082188676315214345209929095681542738507272810437357691080472668016072309172134214238765293539348030513605740142073428523958093565172839583630191025574259988885922703327634941936914164178063919829094011965446074840366141328192312019930286226142958541465281047817497311318735624181672074794620167796537186532372626742798781383688287154849043206239387439067626202389363120658378242607200604638276264193885777194225885423032018505403191621936699008663661058882966717768810300375666383447919279501481834319927859
13:20>64052730181910423048277093903660206441712157124444747037073747016382517076532823532605272288322688260623130791937840707740120102040379470846473453254148239234013180879131053422968134982657051318568698323823464805970399245682159784462141350840363369580362124329148413195545121335224338728165533533716502659090757371293165821914183984801251170825848702859870181501594868060864563637840021321439754613350397212205803160741070132270213541132643176788972025847988059069212481607536670759903251678260328198204094059370430374104055217680522402415951169135042744918086527301589897400741082071275388168946236876593860821225
6
2(0):1(0)
12(0):6(0)3(0)1(1)
14(0):7(0)3(1)1(1)
15(1):7(1)3(1)1(1)
26(0):13(0)6(1)3(0)1(1)
27(1):13(1)6(1)3(0)1(1)

