20
17
1:1>30.0365
2:12>0.205607
3:21>0.3675
5:22>0.45
6:12>0.0940915
7:13>0.0069908
11:13>0.000786645
12:19>0.146493
14:21>0.172778
24:8>0.143971
25:0>22.8298
49:19>0.171548
50:11>0.0450729
51:24>0.0083992
100:7>15.7975
101:23>0.0470588
201:23>0.0513228
18
4(0):2(0)1(0)
10(0):5(0)2(1)1(0)
13(0):6(1)3(0)1(1)
15(0):7(1)3(1)1(1)
22(1):11(0)5(1)2(1)1(0)
23(0):11(1)5(1)2(1)1(0)
28(1):14(0)7(0)3(1)1(1)
29(0):14(1)7(0)3(1)1(1)
48(0):24(0)12(0)6(0)3(0)1(1)
98(0):49(0)24(1)12(0)6(0)3(0)1(1)
99(1):49(1)24(1)12(0)6(0)3(0)1(1)
102(1):51(0)25(1)12(1)6(0)3(0)1(1)
103(0):51(1)25(1)12(1)6(0)3(0)1(1)
200(1):100(0)50(0)25(0)12(1)6(0)3(0)1(1)
202(0):101(0)50(1)25(0)12(1)6(0)3(0)1(1)
203(1):101(1)50(1)25(0)12(1)6(0)3(0)1(1)
402(0):201(0)100(1)50(0)25(0)12(1)6(0)3(0)1(1)
403(1):201(1)100(1)50(0)25(0)12(1)6(0)3(0)1(1)

16
1:1>30.2885
2:5>2.8837
3:22>0.38
4:0>28.2222
6:16>4.905e-05
8:24>0.0099381
12:18>0.445833
13:21>0.56
24:2>5.59405
25:24>3.68e-18
27:22>0.40875
48:18>0.567813
51:3>31.6492
54:24>0.038241
96:21>0.61
109:2>4.43492
17
5(0):2(1)1(0)
7(0):3(1)1(1)
9(0):4(1)2(0)1(0)
16(1):8(0)4(0)2(0)1(0)
17(0):8(1)4(0)2(0)1(0)
26(0):13(0)6(1)3(0)1(1)
49(0):24(1)12(0)6(0)3(0)1(1)
50(1):25(0)12(1)6(0)3(0)1(1)
55(0):27(1)13(1)6(1)3(0)1(1)
97(1):48(1)24(0)12(0)6(0)3(0)1(1)
102(0):51(0)25(1)12(1)6(0)3(0)1(1)
103(1):51(1)25(1)12(1)6(0)3(0)1(1)
108(0):54(0)27(0)13(1)6(1)3(0)1(1)
192(1):96(0)48(0)24(0)12(0)6(0)3(0)1(1)
193(0):96(1)48(0)24(0)12(0)6(0)3(0)1(1)
218(1):109(0)54(1)27(0)13(1)6(1)3(0)1(1)
219(0):109(1)54(1)27(0)13(1)6(1)3(0)1(1)

15
1:21>0.3675
2:3>36.1345
3:10>0.0310039
4:11>0.662424
5:0>22.8298
8:1>32.1028
9:19>0.125837
10:5>-0.48182
11:13>-0.00345663
18:18>0.46125
20:18>0.496875
40:1>24.6944
41:7>13.9002
81:18>0.574365
83:17>0.0140057
16
6(0):3(0)1(1)
7(1):3(1)1(1)
16(0):8(0)4(0)2(0)1(0)
17(1):8(1)4(0)2(0)1(0)
19(0):9(1)4(1)2(0)1(0)
21(0):10(1)5(0)2(1)1(0)
22(1):11(0)5(1)2(1)1(0)
23(0):11(1)5(1)2(1)1(0)
36(0):18(0)9(0)4(1)2(0)1(0)
37(1):18(1)9(0)4(1)2(0)1(0)
80(0):40(0)20(0)10(0)5(0)2(1)1(0)
82(1):41(0)20(1)10(0)5(0)2(1)1(0)
162(0):81(0)40(1)20(0)10(0)5(0)2(1)1(0)
163(1):81(1)40(1)20(0)10(0)5(0)2(1)1(0)
166(0):83(0)41(1)20(1)10(0)5(0)2(1)1(0)
167(1):83(1)41(1)20(1)10(0)5(0)2(1)1(0)

13
1:22>0.37
2:1>30.2885
4:18>0.3745
5:21>0.5675
9:4>13.6033
10:4>16.3984
11:19>0.147202
22:24>0.0152641
23:12>0.049361
46:0>21.9226
92:23>0.0513228
93:20>0.4575
184:7>16.6491
14
3(0):1(1)
8(0):4(0)2(0)1(0)
18(1):9(0)4(1)2(0)1(0)
19(0):9(1)4(1)2(0)1(0)
20(0):10(0)5(0)2(1)1(0)
21(1):10(1)5(0)2(1)1(0)
44(1):22(0)11(0)5(1)2(1)1(0)
45(0):22(1)11(0)5(1)2(1)1(0)
47(0):23(1)11(1)5(1)2(1)1(0)
185(1):92(1)46(0)23(0)11(1)5(1)2(1)1(0)
186(1):93(0)46(1)23(0)11(1)5(1)2(1)1(0)
187(0):93(1)46(1)23(0)11(1)5(1)2(1)1(0)
368(1):184(0)92(0)46(0)23(0)11(1)5(1)2(1)1(0)
369(0):184(1)92(0)46(0)23(0)11(1)5(1)2(1)1(0)

12
1:0>23.4345
2:3>38.7048
3:4>15.5348
5:4>14.2861
6:7>18.2711
10:25>0.0555556
11:2>25.2488
21:19>0.150799
23:3>30.4901
42:11>0.281766
43:23>0.0513228
86:2>15.1191
13
4(0):2(0)1(0)
7(0):3(1)1(1)
12(0):6(0)3(0)1(1)
13(1):6(1)3(0)1(1)
20(0):10(0)5(0)2(1)1(0)
22(1):11(0)5(1)2(1)1(0)
46(0):23(0)11(1)5(1)2(1)1(0)
47(1):23(1)11(1)5(1)2(1)1(0)
84(0):42(0)21(0)10(1)5(0)2(1)1(0)
85(1):42(1)21(0)10(1)5(0)2(1)1(0)
87(1):43(1)21(1)10(1)5(0)2(1)1(0)
172(0):86(0)43(0)21(1)10(1)5(0)2(1)1(0)
173(1):86(1)43(0)21(1)10(1)5(0)2(1)1(0)

9
1:1>30.1206
3:4>15.4269
6:22>0.645
7:23>0.0513228
13:25>0.0555556
15:15>-0.00422332
27:13>0.14807
55:20>0.6
111:24>3.68e-18
10
2(0):1(0)
12(0):6(0)3(0)1(1)
14(0):7(0)3(1)1(1)
26(0):13(0)6(1)3(0)1(1)
30(1):15(0)7(1)3(1)1(1)
31(0):15(1)7(1)3(1)1(1)
54(0):27(0)13(1)6(1)3(0)1(1)
110(0):55(0)27(1)13(1)6(1)3(0)1(1)
222(1):111(0)55(1)27(1)13(1)6(1)3(0)1(1)
223(1):111(1)55(1)27(1)13(1)6(1)3(0)1(1)

10
1:22>0.37
2:1>30.742
5:2>3.88056
10:2>14.7158
11:7>25.5742
20:24>0.0120963
21:22>0.62875
42:7>25.4648
43:2>5.09008
87:7>24.3215
11
3(0):1(1)
4(0):2(0)1(0)
22(1):11(0)5(1)2(1)1(0)
23(0):11(1)5(1)2(1)1(0)
40(0):20(0)10(0)5(0)2(1)1(0)
41(1):20(1)10(0)5(0)2(1)1(0)
84(1):42(0)21(0)10(1)5(0)2(1)1(0)
85(0):42(1)21(0)10(1)5(0)2(1)1(0)
86(1):43(0)21(1)10(1)5(0)2(1)1(0)
174(1):87(0)43(1)21(1)10(1)5(0)2(1)1(0)
175(0):87(1)43(1)21(1)10(1)5(0)2(1)1(0)

10
1:0>27.9702
2:26>0.0666667
3:1>28.1214
5:5>-0.3059
7:6>102.5
10:20>0.4125
14:14>0.123423
15:11>0.57389
20:4>17.2338
29:12>0.212759
11
4(0):2(0)1(0)
6(0):3(0)1(1)
11(0):5(1)2(1)1(0)
21(1):10(1)5(0)2(1)1(0)
28(1):14(0)7(0)3(1)1(1)
30(1):15(0)7(1)3(1)1(1)
31(0):15(1)7(1)3(1)1(1)
40(1):20(0)10(0)5(0)2(1)1(0)
41(0):20(1)10(0)5(0)2(1)1(0)
58(1):29(0)14(1)7(0)3(1)1(1)
59(0):29(1)14(1)7(0)3(1)1(1)

13
1:0>22.8298
2:25>0.0555556
3:1>28.6254
5:22>0.36
7:19>0.0809173
10:6>101.5
20:1>30.6916
21:3>36.3865
41:18>0.61395
43:14>0.513066
83:5>-0.48182
166:18>0.542262
332:19>0.135234
14
4(0):2(0)1(0)
6(0):3(0)1(1)
11(0):5(1)2(1)1(0)
14(1):7(0)3(1)1(1)
15(0):7(1)3(1)1(1)
40(0):20(0)10(0)5(0)2(1)1(0)
42(0):21(0)10(1)5(0)2(1)1(0)
82(0):41(0)20(1)10(0)5(0)2(1)1(0)
86(0):43(0)21(1)10(1)5(0)2(1)1(0)
87(1):43(1)21(1)10(1)5(0)2(1)1(0)
167(0):83(1)41(1)20(1)10(0)5(0)2(1)1(0)
333(1):166(1)83(0)41(1)20(1)10(0)5(0)2(1)1(0)
664(0):332(0)166(0)83(0)41(1)20(1)10(0)5(0)2(1)1(0)
665(1):332(1)166(0)83(0)41(1)20(1)10(0)5(0)2(1)1(0)

17
1:27>0.0611112
2:13>0.0032717
3:15>-0.000543912
4:25>0.0555556
6:19>0.129738
7:3>36.1849
12:12>0.0893484
14:13>-0.199292
15:1>30.0365
28:12>1.13588
30:23>0.0516667
31:22>0.615
63:18>0.34725
126:10>0.25156
253:7>15.3521
506:1>29.7341
1012:18>0.394166
18
5(0):2(1)1(0)
8(0):4(0)2(0)1(0)
9(1):4(1)2(0)1(0)
13(1):6(1)3(0)1(1)
24(0):12(0)6(0)3(0)1(1)
25(1):12(1)6(0)3(0)1(1)
29(1):14(1)7(0)3(1)1(1)
56(1):28(0)14(0)7(0)3(1)1(1)
57(0):28(1)14(0)7(0)3(1)1(1)
60(1):30(0)15(0)7(1)3(1)1(1)
61(0):30(1)15(0)7(1)3(1)1(1)
62(0):31(0)15(1)7(1)3(1)1(1)
127(0):63(1)31(1)15(1)7(1)3(1)1(1)
252(0):126(0)63(0)31(1)15(1)7(1)3(1)1(1)
507(0):253(1)126(1)63(0)31(1)15(1)7(1)3(1)1(1)
1013(1):506(1)253(0)126(1)63(0)31(1)15(1)7(1)3(1)1(1)
2024(1):1012(0)506(0)253(0)126(1)63(0)31(1)15(1)7(1)3(1)1(1)
2025(0):1012(1)506(0)253(0)126(1)63(0)31(1)15(1)7(1)3(1)1(1)

12
1:19>0.0697089
2:16>8.20135e-05
3:10>0.0707743
4:22>0.645
5:4>14.1461
7:26>0.0500001
9:1>30.6916
10:2>4.07479
20:24>3.71e-18
21:8>0.580497
40:7>17.2233
81:24>0.0285306
13
6(0):3(0)1(1)
8(0):4(0)2(0)1(0)
11(0):5(1)2(1)1(0)
14(0):7(0)3(1)1(1)
15(1):7(1)3(1)1(1)
18(0):9(0)4(1)2(0)1(0)
19(1):9(1)4(1)2(0)1(0)
41(0):20(1)10(0)5(0)2(1)1(0)
42(1):21(0)10(1)5(0)2(1)1(0)
43(0):21(1)10(1)5(0)2(1)1(0)
80(1):40(0)20(0)10(0)5(0)2(1)1(0)
162(0):81(0)40(1)20(0)10(0)5(0)2(1)1(0)
163(1):81(1)40(1)20(0)10(0)5(0)2(1)1(0)

18
1:6>107.5
2:20>0.4575
3:3>35.7313
4:17>0.0598759
5:16>-0.00174144
6:1>29.0789
7:4>14.3946
9:13>-0.00273104
10:21>0.4025
11:22>0.4875
13:20>0.247206
14:16>-0.109332
15:11>0.128148
18:21>0.515
21:6>152
28:15>-0.0033553
31:20>0.3875
36:4>19.6678
19
8(1):4(0)2(0)1(0)
12(0):6(0)3(0)1(1)
19(0):9(1)4(1)2(0)1(0)
20(1):10(0)5(0)2(1)1(0)
22(1):11(0)5(1)2(1)1(0)
23(0):11(1)5(1)2(1)1(0)
26(1):13(0)6(1)3(0)1(1)
27(0):13(1)6(1)3(0)1(1)
29(0):14(1)7(0)3(1)1(1)
30(0):15(0)7(1)3(1)1(1)
37(1):18(1)9(0)4(1)2(0)1(0)
42(1):21(0)10(1)5(0)2(1)1(0)
43(0):21(1)10(1)5(0)2(1)1(0)
56(0):28(0)14(0)7(0)3(1)1(1)
57(1):28(1)14(0)7(0)3(1)1(1)
62(0):31(0)15(1)7(1)3(1)1(1)
63(1):31(1)15(1)7(1)3(1)1(1)
72(0):36(0)18(0)9(0)4(1)2(0)1(0)
73(1):36(1)18(0)9(0)4(1)2(0)1(0)

16
1:26>0.0500001
3:6>79
6:18>0.34975
7:13>-0.0289553
12:3>37.7976
14:3>37.2936
24:23>0.0561966
25:19>0.147292
50:13>-0.00273104
51:4>14.1461
100:8>0.23249
102:20>0.57875
103:13>-0.00214162
205:19>0.112977
411:17>0.00928553
822:17>0.0128402
17
2(0):1(0)
13(0):6(1)3(0)1(1)
15(0):7(1)3(1)1(1)
28(0):14(0)7(0)3(1)1(1)
29(1):14(1)7(0)3(1)1(1)
48(1):24(0)12(0)6(0)3(0)1(1)
49(0):24(1)12(0)6(0)3(0)1(1)
101(0):50(1)25(0)12(1)6(0)3(0)1(1)
200(0):100(0)50(0)25(0)12(1)6(0)3(0)1(1)
201(1):100(1)50(0)25(0)12(1)6(0)3(0)1(1)
204(0):102(0)51(0)25(1)12(1)6(0)3(0)1(1)
206(1):103(0)51(1)25(1)12(1)6(0)3(0)1(1)
207(0):103(1)51(1)25(1)12(1)6(0)3(0)1(1)
410(1):205(0)102(1)51(0)25(1)12(1)6(0)3(0)1(1)
823(1):411(1)205(1)102(1)51(0)25(1)12(1)6(0)3(0)1(1)
1644(1):822(0)411(0)205(1)102(1)51(0)25(1)12(1)6(0)3(0)1(1)
1645(0):822(1)411(0)205(1)102(1)51(0)25(1)12(1)6(0)3(0)1(1)

14
1:0>26.9623
2:3>36.5377
3:4>14.3403
4:11>0.776898
5:5>2.5577
6:5>2.62756
10:23>0.0654321
12:21>0.61
13:27>0.122222
21:5>3.04212
24:20>0.595
43:2>12.5488
86:16>-0.0123864
172:20>0.51
15
7(0):3(1)1(1)
8(1):4(0)2(0)1(0)
9(0):4(1)2(0)1(0)
11(0):5(1)2(1)1(0)
20(0):10(0)5(0)2(1)1(0)
25(0):12(1)6(0)3(0)1(1)
26(0):13(0)6(1)3(0)1(1)
27(1):13(1)6(1)3(0)1(1)
42(0):21(0)10(1)5(0)2(1)1(0)
48(0):24(0)12(0)6(0)3(0)1(1)
49(1):24(1)12(0)6(0)3(0)1(1)
87(1):43(1)21(1)10(1)5(0)2(1)1(0)
173(0):86(1)43(0)21(1)10(1)5(0)2(1)1(0)
344(0):172(0)86(0)43(0)21(1)10(1)5(0)2(1)1(0)
345(1):172(1)86(0)43(0)21(1)10(1)5(0)2(1)1(0)

16
1:26>0.0500001
3:3>36.2353
6:15>-0.124651
7:2>12.5488
12:13>-0.0723165
13:21>0.3925
14:1>27.4663
15:14>0.513066
28:15>-0.00625096
29:2>23.9889
31:5>3.04212
63:20>0.6
127:3>28.4238
254:21>0.365
255:13>-0.0342044
509:24>0.010541
17
2(0):1(0)
24(0):12(0)6(0)3(0)1(1)
25(1):12(1)6(0)3(0)1(1)
26(1):13(0)6(1)3(0)1(1)
27(0):13(1)6(1)3(0)1(1)
30(0):15(0)7(1)3(1)1(1)
56(1):28(0)14(0)7(0)3(1)1(1)
57(1):28(1)14(0)7(0)3(1)1(1)
58(1):29(0)14(1)7(0)3(1)1(1)
59(0):29(1)14(1)7(0)3(1)1(1)
62(0):31(0)15(1)7(1)3(1)1(1)
126(0):63(0)31(1)15(1)7(1)3(1)1(1)
508(1):254(0)127(0)63(1)31(1)15(1)7(1)3(1)1(1)
510(1):255(0)127(1)63(1)31(1)15(1)7(1)3(1)1(1)
511(0):255(1)127(1)63(1)31(1)15(1)7(1)3(1)1(1)
1018(1):509(0)254(1)127(0)63(1)31(1)15(1)7(1)3(1)1(1)
1019(0):509(1)254(1)127(0)63(1)31(1)15(1)7(1)3(1)1(1)

14
1:3>35.8321
2:6>108.5
3:26>0.0500001
4:16>0.00364421
7:7>13.9002
14:14>0.509947
15:14>0.0441282
28:21>0.505
29:20>0.6
59:3>30.3893
118:5>2.99918
119:6>156.5
236:17>0.00795282
239:8>0.136528
15
5(0):2(1)1(0)
6(0):3(0)1(1)
8(1):4(0)2(0)1(0)
9(0):4(1)2(0)1(0)
30(0):15(0)7(1)3(1)1(1)
31(1):15(1)7(1)3(1)1(1)
56(1):28(0)14(0)7(0)3(1)1(1)
57(0):28(1)14(0)7(0)3(1)1(1)
58(0):29(0)14(1)7(0)3(1)1(1)
237(1):118(1)59(0)29(1)14(1)7(0)3(1)1(1)
238(1):119(0)59(1)29(1)14(1)7(0)3(1)1(1)
472(0):236(0)118(0)59(0)29(1)14(1)7(0)3(1)1(1)
473(1):236(1)118(0)59(0)29(1)14(1)7(0)3(1)1(1)
478(0):239(0)119(1)59(1)29(1)14(1)7(0)3(1)1(1)
479(1):239(1)119(1)59(1)29(1)14(1)7(0)3(1)1(1)

14
1:21>0.3675
2:6>94.5
3:6>350.5
4:1>30.6916
5:0>27.1042
9:19>0.146145
10:24>3.745e-18
18:1>24.1401
19:22>0.66
39:5>0.1018
78:22>0.46125
157:8>0.168094
314:11>0.158436
629:20>0.36
15
6(1):3(0)1(1)
7(0):3(1)1(1)
8(0):4(0)2(0)1(0)
11(0):5(1)2(1)1(0)
20(1):10(0)5(0)2(1)1(0)
21(0):10(1)5(0)2(1)1(0)
36(0):18(0)9(0)4(1)2(0)1(0)
37(1):18(1)9(0)4(1)2(0)1(0)
38(0):19(0)9(1)4(1)2(0)1(0)
79(0):39(1)19(1)9(1)4(1)2(0)1(0)
156(1):78(0)39(0)19(1)9(1)4(1)2(0)1(0)
315(1):157(1)78(1)39(0)19(1)9(1)4(1)2(0)1(0)
628(1):314(0)157(0)78(1)39(0)19(1)9(1)4(1)2(0)1(0)
1258(0):629(0)314(1)157(0)78(1)39(0)19(1)9(1)4(1)2(0)1(0)
1259(1):629(1)314(1)157(0)78(1)39(0)19(1)9(1)4(1)2(0)1(0)

16
1:3>36.0333
2:16>0.00124744
3:4>14.2161
4:13>-0.0317618
6:21>0.5675
7:24>0.00670025
12:24>0.00211397
13:23>0.0654321
15:2>15.875
24:11>0.096768
27:13>0.122951
49:24>0.0124723
55:4>15.3121
110:22>0.515
220:16>0.00333825
440:17>0.0166429
17
5(0):2(1)1(0)
8(0):4(0)2(0)1(0)
9(1):4(1)2(0)1(0)
14(0):7(0)3(1)1(1)
25(0):12(1)6(0)3(0)1(1)
26(0):13(0)6(1)3(0)1(1)
30(1):15(0)7(1)3(1)1(1)
31(0):15(1)7(1)3(1)1(1)
48(1):24(0)12(0)6(0)3(0)1(1)
54(0):27(0)13(1)6(1)3(0)1(1)
98(0):49(0)24(1)12(0)6(0)3(0)1(1)
99(1):49(1)24(1)12(0)6(0)3(0)1(1)
111(0):55(1)27(1)13(1)6(1)3(0)1(1)
221(1):110(1)55(0)27(1)13(1)6(1)3(0)1(1)
441(1):220(1)110(0)55(0)27(1)13(1)6(1)3(0)1(1)
880(1):440(0)220(0)110(0)55(0)27(1)13(1)6(1)3(0)1(1)
881(0):440(1)220(0)110(0)55(0)27(1)13(1)6(1)3(0)1(1)

12
1:4>18.0355
2:1>30.4397
3:22>0.515
5:27>0.0722223
6:16>0.000859843
7:12>0.159174
11:8>0.0687808
15:24>0.0167984
22:2>5.09008
31:12>0.138717
45:22>0.51
91:19>0.0966276
13
4(0):2(0)1(0)
10(0):5(0)2(1)1(0)
12(1):6(0)3(0)1(1)
13(0):6(1)3(0)1(1)
14(0):7(0)3(1)1(1)
23(0):11(1)5(1)2(1)1(0)
30(0):15(0)7(1)3(1)1(1)
44(1):22(0)11(0)5(1)2(1)1(0)
62(1):31(0)15(1)7(1)3(1)1(1)
63(0):31(1)15(1)7(1)3(1)1(1)
90(0):45(0)22(1)11(0)5(1)2(1)1(0)
182(1):91(0)45(1)22(1)11(0)5(1)2(1)1(0)
183(0):91(1)45(1)22(1)11(0)5(1)2(1)1(0)

9
1:27>0.0500001
2:1>30.0869
3:1>30.5404
5:4>20.2508
7:5>-0.48182
14:18>0.531667
28:4>27.9757
29:6>108
59:14>0.470506
10
4(0):2(0)1(0)
6(0):3(0)1(1)
10(1):5(0)2(1)1(0)
11(0):5(1)2(1)1(0)
15(0):7(1)3(1)1(1)
56(1):28(0)14(0)7(0)3(1)1(1)
57(0):28(1)14(0)7(0)3(1)1(1)
58(1):29(0)14(1)7(0)3(1)1(1)
118(0):59(0)29(1)14(1)7(0)3(1)1(1)
119(1):59(1)29(1)14(1)7(0)3(1)1(1)

