10
8
1:0>27.7687
2:19>0.0779272
3:27>0.0500001
4:26>0.111111
5:10>0.0836983
7:14>0.121435
14:17>0.027612
28:0>25.2992
9
6(0):3(0)1(1)
8(0):4(0)2(0)1(0)
9(1):4(1)2(0)1(0)
10(0):5(0)2(1)1(0)
11(1):5(1)2(1)1(0)
15(0):7(1)3(1)1(1)
29(1):14(1)7(0)3(1)1(1)
56(1):28(0)14(0)7(0)3(1)1(1)
57(0):28(1)14(0)7(0)3(1)1(1)

7
1:23>0.0568543
2:24>0.0595361
3:5>2.68127
5:0>29.2302
6:20>0.57875
7:12>1.04182
15:21>0.535
8
4(1):2(0)1(0)
10(1):5(0)2(1)1(0)
11(0):5(1)2(1)1(0)
12(0):6(0)3(0)1(1)
13(1):6(1)3(0)1(1)
14(0):7(0)3(1)1(1)
30(0):15(0)7(1)3(1)1(1)
31(1):15(1)7(1)3(1)1(1)

6
1:3>33.8163
2:5>2.72328
3:0>22.1746
4:1>32.5059
6:18>0.567813
9:10>0.207586
7
5(0):2(1)1(0)
7(0):3(1)1(1)
8(0):4(0)2(0)1(0)
12(0):6(0)3(0)1(1)
13(1):6(1)3(0)1(1)
18(0):9(0)4(1)2(0)1(0)
19(1):9(1)4(1)2(0)1(0)

7
1:5>2.64763
2:7>27.7787
3:10>0.257487
5:10>0.321422
7:24>0.0153606
11:11>0.0457798
15:23>0.0883335
8
4(0):2(0)1(0)
6(1):3(0)1(1)
10(0):5(0)2(1)1(0)
14(0):7(0)3(1)1(1)
22(1):11(0)5(1)2(1)1(0)
23(0):11(1)5(1)2(1)1(0)
30(0):15(0)7(1)3(1)1(1)
31(1):15(1)7(1)3(1)1(1)

5
1:3>34.6226
2:16>0.00044047
3:22>0.237745
4:6>93
8:5>2.56861
6
5(0):2(1)1(0)
6(1):3(0)1(1)
7(0):3(1)1(1)
9(0):4(1)2(0)1(0)
16(1):8(0)4(0)2(0)1(0)
17(0):8(1)4(0)2(0)1(0)

7
1:0>29.8349
2:27>0.111111
3:21>0.4225
6:20>0.40625
7:13>-0.383575
12:5>2.77045
15:15>-0.290199
8
4(0):2(0)1(0)
5(1):2(1)1(0)
13(1):6(1)3(0)1(1)
14(0):7(0)3(1)1(1)
24(1):12(0)6(0)3(0)1(1)
25(0):12(1)6(0)3(0)1(1)
30(1):15(0)7(1)3(1)1(1)
31(0):15(1)7(1)3(1)1(1)

8
1:27>0.0500001
2:22>0.55125
3:21>0.545
4:20>0.395
7:1>32.9091
15:10>0.229733
30:14>0.41235
61:12>0.533015
9
5(0):2(1)1(0)
6(0):3(0)1(1)
8(0):4(0)2(0)1(0)
9(1):4(1)2(0)1(0)
14(0):7(0)3(1)1(1)
31(1):15(1)7(1)3(1)1(1)
60(0):30(0)15(0)7(1)3(1)1(1)
122(1):61(0)30(1)15(0)7(1)3(1)1(1)
123(0):61(1)30(1)15(0)7(1)3(1)1(1)

7
1:27>0.0500001
3:5>2.72328
6:22>0.395
7:7>20.8035
12:22>0.45625
14:21>0.64
25:15>-0.0146619
8
2(0):1(0)
13(0):6(1)3(0)1(1)
15(0):7(1)3(1)1(1)
24(1):12(0)6(0)3(0)1(1)
28(0):14(0)7(0)3(1)1(1)
29(1):14(1)7(0)3(1)1(1)
50(1):25(0)12(1)6(0)3(0)1(1)
51(1):25(1)12(1)6(0)3(0)1(1)

6
1:19>0.0803759
2:20>0.46875
3:3>32.8588
5:5>2.58809
10:24>3.68e-18
21:9>0.0769927
7
4(0):2(0)1(0)
6(0):3(0)1(1)
7(1):3(1)1(1)
11(0):5(1)2(1)1(0)
20(1):10(0)5(0)2(1)1(0)
42(0):21(0)10(1)5(0)2(1)1(0)
43(1):21(1)10(1)5(0)2(1)1(0)

8
1:19>0.0626311
2:2>6.04762
4:3>41.275
5:10>0.10518
9:1>19.7052
10:21>0.44
11:6>143.5
20:17>0.00750676
9
3(0):1(1)
8(0):4(0)2(0)1(0)
18(1):9(0)4(1)2(0)1(0)
19(0):9(1)4(1)2(0)1(0)
21(0):10(1)5(0)2(1)1(0)
22(0):11(0)5(1)2(1)1(0)
23(1):11(1)5(1)2(1)1(0)
40(0):20(0)10(0)5(0)2(1)1(0)
41(1):20(1)10(0)5(0)2(1)1(0)

