20
8
1:0>27.7687
2:19>0.0779272
3:27>0.0500001
4:26>0.111111
5:10>0.0836983
7:14>0.121435
14:17>0.027612
28:0>25.2992
9
6(0):3(0)1(1)
8(0):4(0)2(0)1(0)
9(1):4(1)2(0)1(0)
10(0):5(0)2(1)1(0)
11(1):5(1)2(1)1(0)
15(0):7(1)3(1)1(1)
29(1):14(1)7(0)3(1)1(1)
56(1):28(0)14(0)7(0)3(1)1(1)
57(0):28(1)14(0)7(0)3(1)1(1)

7
1:23>0.0568543
2:24>0.0595361
3:5>2.68127
5:0>29.2302
6:20>0.57875
7:12>1.04182
15:21>0.535
8
4(1):2(0)1(0)
10(1):5(0)2(1)1(0)
11(0):5(1)2(1)1(0)
12(0):6(0)3(0)1(1)
13(1):6(1)3(0)1(1)
14(0):7(0)3(1)1(1)
30(0):15(0)7(1)3(1)1(1)
31(1):15(1)7(1)3(1)1(1)

6
1:3>33.8163
2:5>2.72328
3:0>22.1746
4:1>32.5059
6:18>0.567813
9:10>0.207586
7
5(0):2(1)1(0)
7(0):3(1)1(1)
8(0):4(0)2(0)1(0)
12(0):6(0)3(0)1(1)
13(1):6(1)3(0)1(1)
18(0):9(0)4(1)2(0)1(0)
19(1):9(1)4(1)2(0)1(0)

7
1:5>2.64763
2:7>27.7787
3:10>0.257487
5:10>0.321422
7:24>0.0153606
11:11>0.0457798
15:23>0.0883335
8
4(0):2(0)1(0)
6(1):3(0)1(1)
10(0):5(0)2(1)1(0)
14(0):7(0)3(1)1(1)
22(1):11(0)5(1)2(1)1(0)
23(0):11(1)5(1)2(1)1(0)
30(0):15(0)7(1)3(1)1(1)
31(1):15(1)7(1)3(1)1(1)

5
1:3>34.6226
2:16>0.00044047
3:22>0.237745
4:6>93
8:5>2.56861
6
5(0):2(1)1(0)
6(1):3(0)1(1)
7(0):3(1)1(1)
9(0):4(1)2(0)1(0)
16(1):8(0)4(0)2(0)1(0)
17(0):8(1)4(0)2(0)1(0)

7
1:0>29.8349
2:27>0.111111
3:21>0.4225
6:20>0.40625
7:13>-0.383575
12:5>2.77045
15:15>-0.290199
8
4(0):2(0)1(0)
5(1):2(1)1(0)
13(1):6(1)3(0)1(1)
14(0):7(0)3(1)1(1)
24(1):12(0)6(0)3(0)1(1)
25(0):12(1)6(0)3(0)1(1)
30(1):15(0)7(1)3(1)1(1)
31(0):15(1)7(1)3(1)1(1)

8
1:27>0.0500001
2:22>0.55125
3:21>0.545
4:20>0.395
7:1>32.9091
15:10>0.229733
30:14>0.41235
61:12>0.533015
9
5(0):2(1)1(0)
6(0):3(0)1(1)
8(0):4(0)2(0)1(0)
9(1):4(1)2(0)1(0)
14(0):7(0)3(1)1(1)
31(1):15(1)7(1)3(1)1(1)
60(0):30(0)15(0)7(1)3(1)1(1)
122(1):61(0)30(1)15(0)7(1)3(1)1(1)
123(0):61(1)30(1)15(0)7(1)3(1)1(1)

7
1:27>0.0500001
3:5>2.72328
6:22>0.395
7:7>20.8035
12:22>0.45625
14:21>0.64
25:15>-0.0146619
8
2(0):1(0)
13(0):6(1)3(0)1(1)
15(0):7(1)3(1)1(1)
24(1):12(0)6(0)3(0)1(1)
28(0):14(0)7(0)3(1)1(1)
29(1):14(1)7(0)3(1)1(1)
50(1):25(0)12(1)6(0)3(0)1(1)
51(1):25(1)12(1)6(0)3(0)1(1)

6
1:19>0.0803759
2:20>0.46875
3:3>32.8588
5:5>2.58809
10:24>3.68e-18
21:9>0.0769927
7
4(0):2(0)1(0)
6(0):3(0)1(1)
7(1):3(1)1(1)
11(0):5(1)2(1)1(0)
20(1):10(0)5(0)2(1)1(0)
42(0):21(0)10(1)5(0)2(1)1(0)
43(1):21(1)10(1)5(0)2(1)1(0)

8
1:19>0.0626311
2:2>6.04762
4:3>41.275
5:10>0.10518
9:1>19.7052
10:21>0.44
11:6>143.5
20:17>0.00750676
9
3(0):1(1)
8(0):4(0)2(0)1(0)
18(1):9(0)4(1)2(0)1(0)
19(0):9(1)4(1)2(0)1(0)
21(0):10(1)5(0)2(1)1(0)
22(0):11(0)5(1)2(1)1(0)
23(1):11(1)5(1)2(1)1(0)
40(0):20(0)10(0)5(0)2(1)1(0)
41(1):20(1)10(0)5(0)2(1)1(0)

7
1:19>0.0803759
2:3>37.4952
3:5>2.80875
4:20>0.40875
5:2>3.83016
9:18>0.368571
11:20>0.375
8
6(1):3(0)1(1)
7(0):3(1)1(1)
8(0):4(0)2(0)1(0)
10(1):5(0)2(1)1(0)
18(1):9(0)4(1)2(0)1(0)
19(0):9(1)4(1)2(0)1(0)
22(0):11(0)5(1)2(1)1(0)
23(1):11(1)5(1)2(1)1(0)

8
1:0>27.3304
2:5>2.64138
3:3>32.002
4:22>0.665
5:23>0.0522222
6:24>0.0462507
7:23>0.0777777
13:12>2.43307
9
8(0):4(0)2(0)1(0)
9(1):4(1)2(0)1(0)
10(0):5(0)2(1)1(0)
11(1):5(1)2(1)1(0)
12(1):6(0)3(0)1(1)
14(0):7(0)3(1)1(1)
15(1):7(1)3(1)1(1)
26(1):13(0)6(1)3(0)1(1)
27(0):13(1)6(1)3(0)1(1)

8
1:3>34.169
2:8>0.235658
3:15>-0.238334
4:3>38.9788
5:0>30.7924
6:3>27.5166
8:10>0.0979525
9:19>0.135835
9
7(0):3(1)1(1)
10(1):5(0)2(1)1(0)
11(0):5(1)2(1)1(0)
12(1):6(0)3(0)1(1)
13(0):6(1)3(0)1(1)
16(0):8(0)4(0)2(0)1(0)
17(1):8(1)4(0)2(0)1(0)
18(0):9(0)4(1)2(0)1(0)
19(1):9(1)4(1)2(0)1(0)

5
1:25>0.0555556
3:0>22.1746
6:3>39.0071
12:23>0.0555556
13:22>0.665
6
2(0):1(0)
7(0):3(1)1(1)
24(1):12(0)6(0)3(0)1(1)
25(0):12(1)6(0)3(0)1(1)
26(0):13(0)6(1)3(0)1(1)
27(1):13(1)6(1)3(0)1(1)

7
1:6>103
2:27>0.0666667
3:1>28.3734
5:18>0.490428
7:24>0.0099381
10:16>0.000791422
15:15>-0.212644
8
4(0):2(0)1(0)
6(0):3(0)1(1)
11(1):5(1)2(1)1(0)
14(0):7(0)3(1)1(1)
20(1):10(0)5(0)2(1)1(0)
21(0):10(1)5(0)2(1)1(0)
30(1):15(0)7(1)3(1)1(1)
31(0):15(1)7(1)3(1)1(1)

7
1:1>30.1877
3:2>4.6365
6:13>0.0694406
7:20>0.375
13:7>15.9979
26:19>0.0410006
27:26>0.0555556
8
2(0):1(0)
12(0):6(0)3(0)1(1)
14(0):7(0)3(1)1(1)
15(1):7(1)3(1)1(1)
52(1):26(0)13(0)6(1)3(0)1(1)
53(0):26(1)13(0)6(1)3(0)1(1)
54(0):27(0)13(1)6(1)3(0)1(1)
55(1):27(1)13(1)6(1)3(0)1(1)

7
1:5>2.68127
2:22>0.685
3:15>0.00187167
5:3>39.0071
7:8>0.489241
10:23>0.0611112
15:24>0.0410504
8
4(0):2(0)1(0)
6(1):3(0)1(1)
11(1):5(1)2(1)1(0)
14(0):7(0)3(1)1(1)
20(1):10(0)5(0)2(1)1(0)
21(0):10(1)5(0)2(1)1(0)
30(1):15(0)7(1)3(1)1(1)
31(0):15(1)7(1)3(1)1(1)

5
1:25>0.0513889
3:24>7.215e-18
6:19>0.143305
13:11>0.440341
26:6>74
6
2(0):1(0)
7(0):3(1)1(1)
12(0):6(0)3(0)1(1)
27(1):13(1)6(1)3(0)1(1)
52(1):26(0)13(0)6(1)3(0)1(1)
53(0):26(1)13(0)6(1)3(0)1(1)

8
1:23>0.0738096
3:22>0.60375
6:13>0.0289223
7:1>30.2885
14:14>0.510288
15:16>-0.053713
30:19>0.0607907
60:4>27.8083
9
2(0):1(0)
12(1):6(0)3(0)1(1)
13(0):6(1)3(0)1(1)
28(1):14(0)7(0)3(1)1(1)
29(0):14(1)7(0)3(1)1(1)
31(0):15(1)7(1)3(1)1(1)
61(0):30(1)15(0)7(1)3(1)1(1)
120(0):60(0)30(0)15(0)7(1)3(1)1(1)
121(1):60(1)30(0)15(0)7(1)3(1)1(1)

10
1:14>0.435635
2:23>0.0488889
3:0>25.3496
5:24>3.745e-18
6:2>12.5488
7:5>2.88023
12:27>0.0722223
13:4>28.1714
25:9>0.0448435
51:20>0.45
11
4(0):2(0)1(0)
10(1):5(0)2(1)1(0)
11(0):5(1)2(1)1(0)
14(1):7(0)3(1)1(1)
15(0):7(1)3(1)1(1)
24(0):12(0)6(0)3(0)1(1)
26(0):13(0)6(1)3(0)1(1)
27(1):13(1)6(1)3(0)1(1)
50(1):25(0)12(1)6(0)3(0)1(1)
102(0):51(0)25(1)12(1)6(0)3(0)1(1)
103(1):51(1)25(1)12(1)6(0)3(0)1(1)

