10
17
1:1>30.0365
2:12>0.205607
3:21>0.3675
5:22>0.45
6:12>0.0940915
7:13>0.0069908
11:13>0.000786645
12:19>0.146493
14:21>0.172778
24:8>0.143971
25:0>22.8298
49:19>0.171548
50:11>0.0450729
51:24>0.0083992
100:7>15.7975
101:23>0.0470588
201:23>0.0513228
18
4(0):2(0)1(0)
10(0):5(0)2(1)1(0)
13(0):6(1)3(0)1(1)
15(0):7(1)3(1)1(1)
22(1):11(0)5(1)2(1)1(0)
23(0):11(1)5(1)2(1)1(0)
28(1):14(0)7(0)3(1)1(1)
29(0):14(1)7(0)3(1)1(1)
48(0):24(0)12(0)6(0)3(0)1(1)
98(0):49(0)24(1)12(0)6(0)3(0)1(1)
99(1):49(1)24(1)12(0)6(0)3(0)1(1)
102(1):51(0)25(1)12(1)6(0)3(0)1(1)
103(0):51(1)25(1)12(1)6(0)3(0)1(1)
200(1):100(0)50(0)25(0)12(1)6(0)3(0)1(1)
202(0):101(0)50(1)25(0)12(1)6(0)3(0)1(1)
203(1):101(1)50(1)25(0)12(1)6(0)3(0)1(1)
402(0):201(0)100(1)50(0)25(0)12(1)6(0)3(0)1(1)
403(1):201(1)100(1)50(0)25(0)12(1)6(0)3(0)1(1)

16
1:1>30.2885
2:5>2.8837
3:22>0.38
4:0>28.2222
6:16>4.905e-05
8:24>0.0099381
12:18>0.445833
13:21>0.56
24:2>5.59405
25:24>3.68e-18
27:22>0.40875
48:18>0.567813
51:3>31.6492
54:24>0.038241
96:21>0.61
109:2>4.43492
17
5(0):2(1)1(0)
7(0):3(1)1(1)
9(0):4(1)2(0)1(0)
16(1):8(0)4(0)2(0)1(0)
17(0):8(1)4(0)2(0)1(0)
26(0):13(0)6(1)3(0)1(1)
49(0):24(1)12(0)6(0)3(0)1(1)
50(1):25(0)12(1)6(0)3(0)1(1)
55(0):27(1)13(1)6(1)3(0)1(1)
97(1):48(1)24(0)12(0)6(0)3(0)1(1)
102(0):51(0)25(1)12(1)6(0)3(0)1(1)
103(1):51(1)25(1)12(1)6(0)3(0)1(1)
108(0):54(0)27(0)13(1)6(1)3(0)1(1)
192(1):96(0)48(0)24(0)12(0)6(0)3(0)1(1)
193(0):96(1)48(0)24(0)12(0)6(0)3(0)1(1)
218(1):109(0)54(1)27(0)13(1)6(1)3(0)1(1)
219(0):109(1)54(1)27(0)13(1)6(1)3(0)1(1)

15
1:21>0.3675
2:3>36.1345
3:10>0.0310039
4:11>0.662424
5:0>22.8298
8:1>32.1028
9:19>0.125837
10:5>-0.48182
11:13>-0.00345663
18:18>0.46125
20:18>0.496875
40:1>24.6944
41:7>13.9002
81:18>0.574365
83:17>0.0140057
16
6(0):3(0)1(1)
7(1):3(1)1(1)
16(0):8(0)4(0)2(0)1(0)
17(1):8(1)4(0)2(0)1(0)
19(0):9(1)4(1)2(0)1(0)
21(0):10(1)5(0)2(1)1(0)
22(1):11(0)5(1)2(1)1(0)
23(0):11(1)5(1)2(1)1(0)
36(0):18(0)9(0)4(1)2(0)1(0)
37(1):18(1)9(0)4(1)2(0)1(0)
80(0):40(0)20(0)10(0)5(0)2(1)1(0)
82(1):41(0)20(1)10(0)5(0)2(1)1(0)
162(0):81(0)40(1)20(0)10(0)5(0)2(1)1(0)
163(1):81(1)40(1)20(0)10(0)5(0)2(1)1(0)
166(0):83(0)41(1)20(1)10(0)5(0)2(1)1(0)
167(1):83(1)41(1)20(1)10(0)5(0)2(1)1(0)

13
1:22>0.37
2:1>30.2885
4:18>0.3745
5:21>0.5675
9:4>13.6033
10:4>16.3984
11:19>0.147202
22:24>0.0152641
23:12>0.049361
46:0>21.9226
92:23>0.0513228
93:20>0.4575
184:7>16.6491
14
3(0):1(1)
8(0):4(0)2(0)1(0)
18(1):9(0)4(1)2(0)1(0)
19(0):9(1)4(1)2(0)1(0)
20(0):10(0)5(0)2(1)1(0)
21(1):10(1)5(0)2(1)1(0)
44(1):22(0)11(0)5(1)2(1)1(0)
45(0):22(1)11(0)5(1)2(1)1(0)
47(0):23(1)11(1)5(1)2(1)1(0)
185(1):92(1)46(0)23(0)11(1)5(1)2(1)1(0)
186(1):93(0)46(1)23(0)11(1)5(1)2(1)1(0)
187(0):93(1)46(1)23(0)11(1)5(1)2(1)1(0)
368(1):184(0)92(0)46(0)23(0)11(1)5(1)2(1)1(0)
369(0):184(1)92(0)46(0)23(0)11(1)5(1)2(1)1(0)

12
1:0>23.4345
2:3>38.7048
3:4>15.5348
5:4>14.2861
6:7>18.2711
10:25>0.0555556
11:2>25.2488
21:19>0.150799
23:3>30.4901
42:11>0.281766
43:23>0.0513228
86:2>15.1191
13
4(0):2(0)1(0)
7(0):3(1)1(1)
12(0):6(0)3(0)1(1)
13(1):6(1)3(0)1(1)
20(0):10(0)5(0)2(1)1(0)
22(1):11(0)5(1)2(1)1(0)
46(0):23(0)11(1)5(1)2(1)1(0)
47(1):23(1)11(1)5(1)2(1)1(0)
84(0):42(0)21(0)10(1)5(0)2(1)1(0)
85(1):42(1)21(0)10(1)5(0)2(1)1(0)
87(1):43(1)21(1)10(1)5(0)2(1)1(0)
172(0):86(0)43(0)21(1)10(1)5(0)2(1)1(0)
173(1):86(1)43(0)21(1)10(1)5(0)2(1)1(0)

9
1:1>30.1206
3:4>15.4269
6:22>0.645
7:23>0.0513228
13:25>0.0555556
15:15>-0.00422332
27:13>0.14807
55:20>0.6
111:24>3.68e-18
10
2(0):1(0)
12(0):6(0)3(0)1(1)
14(0):7(0)3(1)1(1)
26(0):13(0)6(1)3(0)1(1)
30(1):15(0)7(1)3(1)1(1)
31(0):15(1)7(1)3(1)1(1)
54(0):27(0)13(1)6(1)3(0)1(1)
110(0):55(0)27(1)13(1)6(1)3(0)1(1)
222(1):111(0)55(1)27(1)13(1)6(1)3(0)1(1)
223(1):111(1)55(1)27(1)13(1)6(1)3(0)1(1)

10
1:22>0.37
2:1>30.742
5:2>3.88056
10:2>14.7158
11:7>25.5742
20:24>0.0120963
21:22>0.62875
42:7>25.4648
43:2>5.09008
87:7>24.3215
11
3(0):1(1)
4(0):2(0)1(0)
22(1):11(0)5(1)2(1)1(0)
23(0):11(1)5(1)2(1)1(0)
40(0):20(0)10(0)5(0)2(1)1(0)
41(1):20(1)10(0)5(0)2(1)1(0)
84(1):42(0)21(0)10(1)5(0)2(1)1(0)
85(0):42(1)21(0)10(1)5(0)2(1)1(0)
86(1):43(0)21(1)10(1)5(0)2(1)1(0)
174(1):87(0)43(1)21(1)10(1)5(0)2(1)1(0)
175(0):87(1)43(1)21(1)10(1)5(0)2(1)1(0)

10
1:0>27.9702
2:26>0.0666667
3:1>28.1214
5:5>-0.3059
7:6>102.5
10:20>0.4125
14:14>0.123423
15:11>0.57389
20:4>17.2338
29:12>0.212759
11
4(0):2(0)1(0)
6(0):3(0)1(1)
11(0):5(1)2(1)1(0)
21(1):10(1)5(0)2(1)1(0)
28(1):14(0)7(0)3(1)1(1)
30(1):15(0)7(1)3(1)1(1)
31(0):15(1)7(1)3(1)1(1)
40(1):20(0)10(0)5(0)2(1)1(0)
41(0):20(1)10(0)5(0)2(1)1(0)
58(1):29(0)14(1)7(0)3(1)1(1)
59(0):29(1)14(1)7(0)3(1)1(1)

13
1:0>22.8298
2:25>0.0555556
3:1>28.6254
5:22>0.36
7:19>0.0809173
10:6>101.5
20:1>30.6916
21:3>36.3865
41:18>0.61395
43:14>0.513066
83:5>-0.48182
166:18>0.542262
332:19>0.135234
14
4(0):2(0)1(0)
6(0):3(0)1(1)
11(0):5(1)2(1)1(0)
14(1):7(0)3(1)1(1)
15(0):7(1)3(1)1(1)
40(0):20(0)10(0)5(0)2(1)1(0)
42(0):21(0)10(1)5(0)2(1)1(0)
82(0):41(0)20(1)10(0)5(0)2(1)1(0)
86(0):43(0)21(1)10(1)5(0)2(1)1(0)
87(1):43(1)21(1)10(1)5(0)2(1)1(0)
167(0):83(1)41(1)20(1)10(0)5(0)2(1)1(0)
333(1):166(1)83(0)41(1)20(1)10(0)5(0)2(1)1(0)
664(0):332(0)166(0)83(0)41(1)20(1)10(0)5(0)2(1)1(0)
665(1):332(1)166(0)83(0)41(1)20(1)10(0)5(0)2(1)1(0)

17
1:27>0.0611112
2:13>0.0032717
3:15>-0.000543912
4:25>0.0555556
6:19>0.129738
7:3>36.1849
12:12>0.0893484
14:13>-0.199292
15:1>30.0365
28:12>1.13588
30:23>0.0516667
31:22>0.615
63:18>0.34725
126:10>0.25156
253:7>15.3521
506:1>29.7341
1012:18>0.394166
18
5(0):2(1)1(0)
8(0):4(0)2(0)1(0)
9(1):4(1)2(0)1(0)
13(1):6(1)3(0)1(1)
24(0):12(0)6(0)3(0)1(1)
25(1):12(1)6(0)3(0)1(1)
29(1):14(1)7(0)3(1)1(1)
56(1):28(0)14(0)7(0)3(1)1(1)
57(0):28(1)14(0)7(0)3(1)1(1)
60(1):30(0)15(0)7(1)3(1)1(1)
61(0):30(1)15(0)7(1)3(1)1(1)
62(0):31(0)15(1)7(1)3(1)1(1)
127(0):63(1)31(1)15(1)7(1)3(1)1(1)
252(0):126(0)63(0)31(1)15(1)7(1)3(1)1(1)
507(0):253(1)126(1)63(0)31(1)15(1)7(1)3(1)1(1)
1013(1):506(1)253(0)126(1)63(0)31(1)15(1)7(1)3(1)1(1)
2024(1):1012(0)506(0)253(0)126(1)63(0)31(1)15(1)7(1)3(1)1(1)
2025(0):1012(1)506(0)253(0)126(1)63(0)31(1)15(1)7(1)3(1)1(1)

