50
17
1:1>30.0365
2:12>0.205607
3:21>0.3675
5:22>0.45
6:12>0.0940915
7:13>0.0069908
11:13>0.000786645
12:19>0.146493
14:21>0.172778
24:8>0.143971
25:0>22.8298
49:19>0.171548
50:11>0.0450729
51:24>0.0083992
100:7>15.7975
101:23>0.0470588
201:23>0.0513228
18
4(0):2(0)1(0)
10(0):5(0)2(1)1(0)
13(0):6(1)3(0)1(1)
15(0):7(1)3(1)1(1)
22(1):11(0)5(1)2(1)1(0)
23(0):11(1)5(1)2(1)1(0)
28(1):14(0)7(0)3(1)1(1)
29(0):14(1)7(0)3(1)1(1)
48(0):24(0)12(0)6(0)3(0)1(1)
98(0):49(0)24(1)12(0)6(0)3(0)1(1)
99(1):49(1)24(1)12(0)6(0)3(0)1(1)
102(1):51(0)25(1)12(1)6(0)3(0)1(1)
103(0):51(1)25(1)12(1)6(0)3(0)1(1)
200(1):100(0)50(0)25(0)12(1)6(0)3(0)1(1)
202(0):101(0)50(1)25(0)12(1)6(0)3(0)1(1)
203(1):101(1)50(1)25(0)12(1)6(0)3(0)1(1)
402(0):201(0)100(1)50(0)25(0)12(1)6(0)3(0)1(1)
403(1):201(1)100(1)50(0)25(0)12(1)6(0)3(0)1(1)

16
1:1>30.2885
2:5>2.8837
3:22>0.38
4:0>28.2222
6:16>4.905e-05
8:24>0.0099381
12:18>0.445833
13:21>0.56
24:2>5.59405
25:24>3.68e-18
27:22>0.40875
48:18>0.567813
51:3>31.6492
54:24>0.038241
96:21>0.61
109:2>4.43492
17
5(0):2(1)1(0)
7(0):3(1)1(1)
9(0):4(1)2(0)1(0)
16(1):8(0)4(0)2(0)1(0)
17(0):8(1)4(0)2(0)1(0)
26(0):13(0)6(1)3(0)1(1)
49(0):24(1)12(0)6(0)3(0)1(1)
50(1):25(0)12(1)6(0)3(0)1(1)
55(0):27(1)13(1)6(1)3(0)1(1)
97(1):48(1)24(0)12(0)6(0)3(0)1(1)
102(0):51(0)25(1)12(1)6(0)3(0)1(1)
103(1):51(1)25(1)12(1)6(0)3(0)1(1)
108(0):54(0)27(0)13(1)6(1)3(0)1(1)
192(1):96(0)48(0)24(0)12(0)6(0)3(0)1(1)
193(0):96(1)48(0)24(0)12(0)6(0)3(0)1(1)
218(1):109(0)54(1)27(0)13(1)6(1)3(0)1(1)
219(0):109(1)54(1)27(0)13(1)6(1)3(0)1(1)

15
1:21>0.3675
2:3>36.1345
3:10>0.0310039
4:11>0.662424
5:0>22.8298
8:1>32.1028
9:19>0.125837
10:5>-0.48182
11:13>-0.00345663
18:18>0.46125
20:18>0.496875
40:1>24.6944
41:7>13.9002
81:18>0.574365
83:17>0.0140057
16
6(0):3(0)1(1)
7(1):3(1)1(1)
16(0):8(0)4(0)2(0)1(0)
17(1):8(1)4(0)2(0)1(0)
19(0):9(1)4(1)2(0)1(0)
21(0):10(1)5(0)2(1)1(0)
22(1):11(0)5(1)2(1)1(0)
23(0):11(1)5(1)2(1)1(0)
36(0):18(0)9(0)4(1)2(0)1(0)
37(1):18(1)9(0)4(1)2(0)1(0)
80(0):40(0)20(0)10(0)5(0)2(1)1(0)
82(1):41(0)20(1)10(0)5(0)2(1)1(0)
162(0):81(0)40(1)20(0)10(0)5(0)2(1)1(0)
163(1):81(1)40(1)20(0)10(0)5(0)2(1)1(0)
166(0):83(0)41(1)20(1)10(0)5(0)2(1)1(0)
167(1):83(1)41(1)20(1)10(0)5(0)2(1)1(0)

13
1:22>0.37
2:1>30.2885
4:18>0.3745
5:21>0.5675
9:4>13.6033
10:4>16.3984
11:19>0.147202
22:24>0.0152641
23:12>0.049361
46:0>21.9226
92:23>0.0513228
93:20>0.4575
184:7>16.6491
14
3(0):1(1)
8(0):4(0)2(0)1(0)
18(1):9(0)4(1)2(0)1(0)
19(0):9(1)4(1)2(0)1(0)
20(0):10(0)5(0)2(1)1(0)
21(1):10(1)5(0)2(1)1(0)
44(1):22(0)11(0)5(1)2(1)1(0)
45(0):22(1)11(0)5(1)2(1)1(0)
47(0):23(1)11(1)5(1)2(1)1(0)
185(1):92(1)46(0)23(0)11(1)5(1)2(1)1(0)
186(1):93(0)46(1)23(0)11(1)5(1)2(1)1(0)
187(0):93(1)46(1)23(0)11(1)5(1)2(1)1(0)
368(1):184(0)92(0)46(0)23(0)11(1)5(1)2(1)1(0)
369(0):184(1)92(0)46(0)23(0)11(1)5(1)2(1)1(0)

12
1:0>23.4345
2:3>38.7048
3:4>15.5348
5:4>14.2861
6:7>18.2711
10:25>0.0555556
11:2>25.2488
21:19>0.150799
23:3>30.4901
42:11>0.281766
43:23>0.0513228
86:2>15.1191
13
4(0):2(0)1(0)
7(0):3(1)1(1)
12(0):6(0)3(0)1(1)
13(1):6(1)3(0)1(1)
20(0):10(0)5(0)2(1)1(0)
22(1):11(0)5(1)2(1)1(0)
46(0):23(0)11(1)5(1)2(1)1(0)
47(1):23(1)11(1)5(1)2(1)1(0)
84(0):42(0)21(0)10(1)5(0)2(1)1(0)
85(1):42(1)21(0)10(1)5(0)2(1)1(0)
87(1):43(1)21(1)10(1)5(0)2(1)1(0)
172(0):86(0)43(0)21(1)10(1)5(0)2(1)1(0)
173(1):86(1)43(0)21(1)10(1)5(0)2(1)1(0)

9
1:1>30.1206
3:4>15.4269
6:22>0.645
7:23>0.0513228
13:25>0.0555556
15:15>-0.00422332
27:13>0.14807
55:20>0.6
111:24>3.68e-18
10
2(0):1(0)
12(0):6(0)3(0)1(1)
14(0):7(0)3(1)1(1)
26(0):13(0)6(1)3(0)1(1)
30(1):15(0)7(1)3(1)1(1)
31(0):15(1)7(1)3(1)1(1)
54(0):27(0)13(1)6(1)3(0)1(1)
110(0):55(0)27(1)13(1)6(1)3(0)1(1)
222(1):111(0)55(1)27(1)13(1)6(1)3(0)1(1)
223(1):111(1)55(1)27(1)13(1)6(1)3(0)1(1)

10
1:22>0.37
2:1>30.742
5:2>3.88056
10:2>14.7158
11:7>25.5742
20:24>0.0120963
21:22>0.62875
42:7>25.4648
43:2>5.09008
87:7>24.3215
11
3(0):1(1)
4(0):2(0)1(0)
22(1):11(0)5(1)2(1)1(0)
23(0):11(1)5(1)2(1)1(0)
40(0):20(0)10(0)5(0)2(1)1(0)
41(1):20(1)10(0)5(0)2(1)1(0)
84(1):42(0)21(0)10(1)5(0)2(1)1(0)
85(0):42(1)21(0)10(1)5(0)2(1)1(0)
86(1):43(0)21(1)10(1)5(0)2(1)1(0)
174(1):87(0)43(1)21(1)10(1)5(0)2(1)1(0)
175(0):87(1)43(1)21(1)10(1)5(0)2(1)1(0)

10
1:0>27.9702
2:26>0.0666667
3:1>28.1214
5:5>-0.3059
7:6>102.5
10:20>0.4125
14:14>0.123423
15:11>0.57389
20:4>17.2338
29:12>0.212759
11
4(0):2(0)1(0)
6(0):3(0)1(1)
11(0):5(1)2(1)1(0)
21(1):10(1)5(0)2(1)1(0)
28(1):14(0)7(0)3(1)1(1)
30(1):15(0)7(1)3(1)1(1)
31(0):15(1)7(1)3(1)1(1)
40(1):20(0)10(0)5(0)2(1)1(0)
41(0):20(1)10(0)5(0)2(1)1(0)
58(1):29(0)14(1)7(0)3(1)1(1)
59(0):29(1)14(1)7(0)3(1)1(1)

13
1:0>22.8298
2:25>0.0555556
3:1>28.6254
5:22>0.36
7:19>0.0809173
10:6>101.5
20:1>30.6916
21:3>36.3865
41:18>0.61395
43:14>0.513066
83:5>-0.48182
166:18>0.542262
332:19>0.135234
14
4(0):2(0)1(0)
6(0):3(0)1(1)
11(0):5(1)2(1)1(0)
14(1):7(0)3(1)1(1)
15(0):7(1)3(1)1(1)
40(0):20(0)10(0)5(0)2(1)1(0)
42(0):21(0)10(1)5(0)2(1)1(0)
82(0):41(0)20(1)10(0)5(0)2(1)1(0)
86(0):43(0)21(1)10(1)5(0)2(1)1(0)
87(1):43(1)21(1)10(1)5(0)2(1)1(0)
167(0):83(1)41(1)20(1)10(0)5(0)2(1)1(0)
333(1):166(1)83(0)41(1)20(1)10(0)5(0)2(1)1(0)
664(0):332(0)166(0)83(0)41(1)20(1)10(0)5(0)2(1)1(0)
665(1):332(1)166(0)83(0)41(1)20(1)10(0)5(0)2(1)1(0)

17
1:27>0.0611112
2:13>0.0032717
3:15>-0.000543912
4:25>0.0555556
6:19>0.129738
7:3>36.1849
12:12>0.0893484
14:13>-0.199292
15:1>30.0365
28:12>1.13588
30:23>0.0516667
31:22>0.615
63:18>0.34725
126:10>0.25156
253:7>15.3521
506:1>29.7341
1012:18>0.394166
18
5(0):2(1)1(0)
8(0):4(0)2(0)1(0)
9(1):4(1)2(0)1(0)
13(1):6(1)3(0)1(1)
24(0):12(0)6(0)3(0)1(1)
25(1):12(1)6(0)3(0)1(1)
29(1):14(1)7(0)3(1)1(1)
56(1):28(0)14(0)7(0)3(1)1(1)
57(0):28(1)14(0)7(0)3(1)1(1)
60(1):30(0)15(0)7(1)3(1)1(1)
61(0):30(1)15(0)7(1)3(1)1(1)
62(0):31(0)15(1)7(1)3(1)1(1)
127(0):63(1)31(1)15(1)7(1)3(1)1(1)
252(0):126(0)63(0)31(1)15(1)7(1)3(1)1(1)
507(0):253(1)126(1)63(0)31(1)15(1)7(1)3(1)1(1)
1013(1):506(1)253(0)126(1)63(0)31(1)15(1)7(1)3(1)1(1)
2024(1):1012(0)506(0)253(0)126(1)63(0)31(1)15(1)7(1)3(1)1(1)
2025(0):1012(1)506(0)253(0)126(1)63(0)31(1)15(1)7(1)3(1)1(1)

12
1:19>0.0697089
2:16>8.20135e-05
3:10>0.0707743
4:22>0.645
5:4>14.1461
7:26>0.0500001
9:1>30.6916
10:2>4.07479
20:24>3.71e-18
21:8>0.580497
40:7>17.2233
81:24>0.0285306
13
6(0):3(0)1(1)
8(0):4(0)2(0)1(0)
11(0):5(1)2(1)1(0)
14(0):7(0)3(1)1(1)
15(1):7(1)3(1)1(1)
18(0):9(0)4(1)2(0)1(0)
19(1):9(1)4(1)2(0)1(0)
41(0):20(1)10(0)5(0)2(1)1(0)
42(1):21(0)10(1)5(0)2(1)1(0)
43(0):21(1)10(1)5(0)2(1)1(0)
80(1):40(0)20(0)10(0)5(0)2(1)1(0)
162(0):81(0)40(1)20(0)10(0)5(0)2(1)1(0)
163(1):81(1)40(1)20(0)10(0)5(0)2(1)1(0)

18
1:6>107.5
2:20>0.4575
3:3>35.7313
4:17>0.0598759
5:16>-0.00174144
6:1>29.0789
7:4>14.3946
9:13>-0.00273104
10:21>0.4025
11:22>0.4875
13:20>0.247206
14:16>-0.109332
15:11>0.128148
18:21>0.515
21:6>152
28:15>-0.0033553
31:20>0.3875
36:4>19.6678
19
8(1):4(0)2(0)1(0)
12(0):6(0)3(0)1(1)
19(0):9(1)4(1)2(0)1(0)
20(1):10(0)5(0)2(1)1(0)
22(1):11(0)5(1)2(1)1(0)
23(0):11(1)5(1)2(1)1(0)
26(1):13(0)6(1)3(0)1(1)
27(0):13(1)6(1)3(0)1(1)
29(0):14(1)7(0)3(1)1(1)
30(0):15(0)7(1)3(1)1(1)
37(1):18(1)9(0)4(1)2(0)1(0)
42(1):21(0)10(1)5(0)2(1)1(0)
43(0):21(1)10(1)5(0)2(1)1(0)
56(0):28(0)14(0)7(0)3(1)1(1)
57(1):28(1)14(0)7(0)3(1)1(1)
62(0):31(0)15(1)7(1)3(1)1(1)
63(1):31(1)15(1)7(1)3(1)1(1)
72(0):36(0)18(0)9(0)4(1)2(0)1(0)
73(1):36(1)18(0)9(0)4(1)2(0)1(0)

16
1:26>0.0500001
3:6>79
6:18>0.34975
7:13>-0.0289553
12:3>37.7976
14:3>37.2936
24:23>0.0561966
25:19>0.147292
50:13>-0.00273104
51:4>14.1461
100:8>0.23249
102:20>0.57875
103:13>-0.00214162
205:19>0.112977
411:17>0.00928553
822:17>0.0128402
17
2(0):1(0)
13(0):6(1)3(0)1(1)
15(0):7(1)3(1)1(1)
28(0):14(0)7(0)3(1)1(1)
29(1):14(1)7(0)3(1)1(1)
48(1):24(0)12(0)6(0)3(0)1(1)
49(0):24(1)12(0)6(0)3(0)1(1)
101(0):50(1)25(0)12(1)6(0)3(0)1(1)
200(0):100(0)50(0)25(0)12(1)6(0)3(0)1(1)
201(1):100(1)50(0)25(0)12(1)6(0)3(0)1(1)
204(0):102(0)51(0)25(1)12(1)6(0)3(0)1(1)
206(1):103(0)51(1)25(1)12(1)6(0)3(0)1(1)
207(0):103(1)51(1)25(1)12(1)6(0)3(0)1(1)
410(1):205(0)102(1)51(0)25(1)12(1)6(0)3(0)1(1)
823(1):411(1)205(1)102(1)51(0)25(1)12(1)6(0)3(0)1(1)
1644(1):822(0)411(0)205(1)102(1)51(0)25(1)12(1)6(0)3(0)1(1)
1645(0):822(1)411(0)205(1)102(1)51(0)25(1)12(1)6(0)3(0)1(1)

14
1:0>26.9623
2:3>36.5377
3:4>14.3403
4:11>0.776898
5:5>2.5577
6:5>2.62756
10:23>0.0654321
12:21>0.61
13:27>0.122222
21:5>3.04212
24:20>0.595
43:2>12.5488
86:16>-0.0123864
172:20>0.51
15
7(0):3(1)1(1)
8(1):4(0)2(0)1(0)
9(0):4(1)2(0)1(0)
11(0):5(1)2(1)1(0)
20(0):10(0)5(0)2(1)1(0)
25(0):12(1)6(0)3(0)1(1)
26(0):13(0)6(1)3(0)1(1)
27(1):13(1)6(1)3(0)1(1)
42(0):21(0)10(1)5(0)2(1)1(0)
48(0):24(0)12(0)6(0)3(0)1(1)
49(1):24(1)12(0)6(0)3(0)1(1)
87(1):43(1)21(1)10(1)5(0)2(1)1(0)
173(0):86(1)43(0)21(1)10(1)5(0)2(1)1(0)
344(0):172(0)86(0)43(0)21(1)10(1)5(0)2(1)1(0)
345(1):172(1)86(0)43(0)21(1)10(1)5(0)2(1)1(0)

16
1:26>0.0500001
3:3>36.2353
6:15>-0.124651
7:2>12.5488
12:13>-0.0723165
13:21>0.3925
14:1>27.4663
15:14>0.513066
28:15>-0.00625096
29:2>23.9889
31:5>3.04212
63:20>0.6
127:3>28.4238
254:21>0.365
255:13>-0.0342044
509:24>0.010541
17
2(0):1(0)
24(0):12(0)6(0)3(0)1(1)
25(1):12(1)6(0)3(0)1(1)
26(1):13(0)6(1)3(0)1(1)
27(0):13(1)6(1)3(0)1(1)
30(0):15(0)7(1)3(1)1(1)
56(1):28(0)14(0)7(0)3(1)1(1)
57(1):28(1)14(0)7(0)3(1)1(1)
58(1):29(0)14(1)7(0)3(1)1(1)
59(0):29(1)14(1)7(0)3(1)1(1)
62(0):31(0)15(1)7(1)3(1)1(1)
126(0):63(0)31(1)15(1)7(1)3(1)1(1)
508(1):254(0)127(0)63(1)31(1)15(1)7(1)3(1)1(1)
510(1):255(0)127(1)63(1)31(1)15(1)7(1)3(1)1(1)
511(0):255(1)127(1)63(1)31(1)15(1)7(1)3(1)1(1)
1018(1):509(0)254(1)127(0)63(1)31(1)15(1)7(1)3(1)1(1)
1019(0):509(1)254(1)127(0)63(1)31(1)15(1)7(1)3(1)1(1)

14
1:3>35.8321
2:6>108.5
3:26>0.0500001
4:16>0.00364421
7:7>13.9002
14:14>0.509947
15:14>0.0441282
28:21>0.505
29:20>0.6
59:3>30.3893
118:5>2.99918
119:6>156.5
236:17>0.00795282
239:8>0.136528
15
5(0):2(1)1(0)
6(0):3(0)1(1)
8(1):4(0)2(0)1(0)
9(0):4(1)2(0)1(0)
30(0):15(0)7(1)3(1)1(1)
31(1):15(1)7(1)3(1)1(1)
56(1):28(0)14(0)7(0)3(1)1(1)
57(0):28(1)14(0)7(0)3(1)1(1)
58(0):29(0)14(1)7(0)3(1)1(1)
237(1):118(1)59(0)29(1)14(1)7(0)3(1)1(1)
238(1):119(0)59(1)29(1)14(1)7(0)3(1)1(1)
472(0):236(0)118(0)59(0)29(1)14(1)7(0)3(1)1(1)
473(1):236(1)118(0)59(0)29(1)14(1)7(0)3(1)1(1)
478(0):239(0)119(1)59(1)29(1)14(1)7(0)3(1)1(1)
479(1):239(1)119(1)59(1)29(1)14(1)7(0)3(1)1(1)

14
1:21>0.3675
2:6>94.5
3:6>350.5
4:1>30.6916
5:0>27.1042
9:19>0.146145
10:24>3.745e-18
18:1>24.1401
19:22>0.66
39:5>0.1018
78:22>0.46125
157:8>0.168094
314:11>0.158436
629:20>0.36
15
6(1):3(0)1(1)
7(0):3(1)1(1)
8(0):4(0)2(0)1(0)
11(0):5(1)2(1)1(0)
20(1):10(0)5(0)2(1)1(0)
21(0):10(1)5(0)2(1)1(0)
36(0):18(0)9(0)4(1)2(0)1(0)
37(1):18(1)9(0)4(1)2(0)1(0)
38(0):19(0)9(1)4(1)2(0)1(0)
79(0):39(1)19(1)9(1)4(1)2(0)1(0)
156(1):78(0)39(0)19(1)9(1)4(1)2(0)1(0)
315(1):157(1)78(1)39(0)19(1)9(1)4(1)2(0)1(0)
628(1):314(0)157(0)78(1)39(0)19(1)9(1)4(1)2(0)1(0)
1258(0):629(0)314(1)157(0)78(1)39(0)19(1)9(1)4(1)2(0)1(0)
1259(1):629(1)314(1)157(0)78(1)39(0)19(1)9(1)4(1)2(0)1(0)

16
1:3>36.0333
2:16>0.00124744
3:4>14.2161
4:13>-0.0317618
6:21>0.5675
7:24>0.00670025
12:24>0.00211397
13:23>0.0654321
15:2>15.875
24:11>0.096768
27:13>0.122951
49:24>0.0124723
55:4>15.3121
110:22>0.515
220:16>0.00333825
440:17>0.0166429
17
5(0):2(1)1(0)
8(0):4(0)2(0)1(0)
9(1):4(1)2(0)1(0)
14(0):7(0)3(1)1(1)
25(0):12(1)6(0)3(0)1(1)
26(0):13(0)6(1)3(0)1(1)
30(1):15(0)7(1)3(1)1(1)
31(0):15(1)7(1)3(1)1(1)
48(1):24(0)12(0)6(0)3(0)1(1)
54(0):27(0)13(1)6(1)3(0)1(1)
98(0):49(0)24(1)12(0)6(0)3(0)1(1)
99(1):49(1)24(1)12(0)6(0)3(0)1(1)
111(0):55(1)27(1)13(1)6(1)3(0)1(1)
221(1):110(1)55(0)27(1)13(1)6(1)3(0)1(1)
441(1):220(1)110(0)55(0)27(1)13(1)6(1)3(0)1(1)
880(1):440(0)220(0)110(0)55(0)27(1)13(1)6(1)3(0)1(1)
881(0):440(1)220(0)110(0)55(0)27(1)13(1)6(1)3(0)1(1)

12
1:4>18.0355
2:1>30.4397
3:22>0.515
5:27>0.0722223
6:16>0.000859843
7:12>0.159174
11:8>0.0687808
15:24>0.0167984
22:2>5.09008
31:12>0.138717
45:22>0.51
91:19>0.0966276
13
4(0):2(0)1(0)
10(0):5(0)2(1)1(0)
12(1):6(0)3(0)1(1)
13(0):6(1)3(0)1(1)
14(0):7(0)3(1)1(1)
23(0):11(1)5(1)2(1)1(0)
30(0):15(0)7(1)3(1)1(1)
44(1):22(0)11(0)5(1)2(1)1(0)
62(1):31(0)15(1)7(1)3(1)1(1)
63(0):31(1)15(1)7(1)3(1)1(1)
90(0):45(0)22(1)11(0)5(1)2(1)1(0)
182(1):91(0)45(1)22(1)11(0)5(1)2(1)1(0)
183(0):91(1)45(1)22(1)11(0)5(1)2(1)1(0)

9
1:27>0.0500001
2:1>30.0869
3:1>30.5404
5:4>20.2508
7:5>-0.48182
14:18>0.531667
28:4>27.9757
29:6>108
59:14>0.470506
10
4(0):2(0)1(0)
6(0):3(0)1(1)
10(1):5(0)2(1)1(0)
11(0):5(1)2(1)1(0)
15(0):7(1)3(1)1(1)
56(1):28(0)14(0)7(0)3(1)1(1)
57(0):28(1)14(0)7(0)3(1)1(1)
58(1):29(0)14(1)7(0)3(1)1(1)
118(0):59(0)29(1)14(1)7(0)3(1)1(1)
119(1):59(1)29(1)14(1)7(0)3(1)1(1)

14
1:3>35.8321
2:10>0.100883
3:2>15.1191
4:3>37.6968
7:0>25.7528
8:7>27.7332
9:7>16.0638
14:22>0.6425
15:9>0.330508
16:27>0.1
29:20>0.60375
31:18>0.436334
62:5>2.89058
125:4>10.9686
15
5(0):2(1)1(0)
6(0):3(0)1(1)
17(0):8(1)4(0)2(0)1(0)
18(1):9(0)4(1)2(0)1(0)
19(0):9(1)4(1)2(0)1(0)
28(0):14(0)7(0)3(1)1(1)
30(1):15(0)7(1)3(1)1(1)
32(0):16(0)8(0)4(0)2(0)1(0)
33(1):16(1)8(0)4(0)2(0)1(0)
58(0):29(0)14(1)7(0)3(1)1(1)
59(1):29(1)14(1)7(0)3(1)1(1)
63(0):31(1)15(1)7(1)3(1)1(1)
124(0):62(0)31(0)15(1)7(1)3(1)1(1)
250(1):125(0)62(1)31(0)15(1)7(1)3(1)1(1)
251(0):125(1)62(1)31(0)15(1)7(1)3(1)1(1)

12
1:27>0.0611112
3:3>36.2353
6:5>2.61282
7:5>2.9645
12:11>1.06328
14:18>0.392917
15:4>15.2875
24:17>0.0761236
29:19>0.0717852
30:6>194
31:19>0.10619
63:16>-0.00095877
13
2(0):1(0)
13(1):6(1)3(0)1(1)
25(0):12(1)6(0)3(0)1(1)
28(0):14(0)7(0)3(1)1(1)
48(1):24(0)12(0)6(0)3(0)1(1)
49(0):24(1)12(0)6(0)3(0)1(1)
58(1):29(0)14(1)7(0)3(1)1(1)
59(0):29(1)14(1)7(0)3(1)1(1)
60(0):30(0)15(0)7(1)3(1)1(1)
61(1):30(1)15(0)7(1)3(1)1(1)
62(0):31(0)15(1)7(1)3(1)1(1)
126(1):63(0)31(1)15(1)7(1)3(1)1(1)
127(0):63(1)31(1)15(1)7(1)3(1)1(1)

15
1:21>0.3675
2:7>13.8141
3:15>-6.1909e-05
4:25>0.0777777
5:2>25.2488
6:27>0.0500001
9:9>0.0563215
11:8>0.118687
18:18>0.5115
23:16>0.00146839
36:19>0.14469
37:19>0.147292
74:20>0.36
75:23>0.0513228
150:3>29.9357
16
7(0):3(1)1(1)
8(0):4(0)2(0)1(0)
10(1):5(0)2(1)1(0)
12(0):6(0)3(0)1(1)
13(1):6(1)3(0)1(1)
19(0):9(1)4(1)2(0)1(0)
22(0):11(0)5(1)2(1)1(0)
46(1):23(0)11(1)5(1)2(1)1(0)
47(0):23(1)11(1)5(1)2(1)1(0)
72(0):36(0)18(0)9(0)4(1)2(0)1(0)
73(1):36(1)18(0)9(0)4(1)2(0)1(0)
148(1):74(0)37(0)18(1)9(0)4(1)2(0)1(0)
149(0):74(1)37(0)18(1)9(0)4(1)2(0)1(0)
151(1):75(1)37(1)18(1)9(0)4(1)2(0)1(0)
300(1):150(0)75(0)37(1)18(1)9(0)4(1)2(0)1(0)
301(0):150(1)75(0)37(1)18(1)9(0)4(1)2(0)1(0)

14
1:1>30.2719
2:16>0.00404437
3:22>0.36
4:19>0.058098
6:17>0.218606
13:22>0.62875
26:14>0.0396809
27:3>16.6309
54:17>-0.00824649
108:5>-0.31659
109:16>-0.710557
216:14>0.555837
432:15>-0.33675
433:0>22.3762
15
5(0):2(1)1(0)
7(0):3(1)1(1)
8(0):4(0)2(0)1(0)
9(1):4(1)2(0)1(0)
12(0):6(0)3(0)1(1)
52(0):26(0)13(0)6(1)3(0)1(1)
53(1):26(1)13(0)6(1)3(0)1(1)
55(0):27(1)13(1)6(1)3(0)1(1)
217(0):108(1)54(0)27(0)13(1)6(1)3(0)1(1)
218(0):109(0)54(1)27(0)13(1)6(1)3(0)1(1)
219(1):109(1)54(1)27(0)13(1)6(1)3(0)1(1)
864(1):432(0)216(0)108(0)54(0)27(0)13(1)6(1)3(0)1(1)
865(0):432(1)216(0)108(0)54(0)27(0)13(1)6(1)3(0)1(1)
866(1):433(0)216(1)108(0)54(0)27(0)13(1)6(1)3(0)1(1)
867(1):433(1)216(1)108(0)54(0)27(0)13(1)6(1)3(0)1(1)

13
1:22>0.37
2:27>0.0611112
4:3>37.7472
5:0>26.9623
10:2>12.448
11:24>0.0470927
20:17>0.0032929
21:16>0.00337039
23:22>0.5625
40:15>-0.00392247
42:2>5.34206
46:2>9.82738
47:1>29.0286
14
3(0):1(1)
8(0):4(0)2(0)1(0)
9(1):4(1)2(0)1(0)
22(1):11(0)5(1)2(1)1(0)
41(0):20(1)10(0)5(0)2(1)1(0)
43(1):21(1)10(1)5(0)2(1)1(0)
80(1):40(0)20(0)10(0)5(0)2(1)1(0)
81(0):40(1)20(0)10(0)5(0)2(1)1(0)
84(1):42(0)21(0)10(1)5(0)2(1)1(0)
85(0):42(1)21(0)10(1)5(0)2(1)1(0)
92(1):46(0)23(0)11(1)5(1)2(1)1(0)
93(0):46(1)23(0)11(1)5(1)2(1)1(0)
94(0):47(0)23(1)11(1)5(1)2(1)1(0)
95(1):47(1)23(1)11(1)5(1)2(1)1(0)

14
1:3>36.0333
2:1>30.0869
3:26>0.0500001
5:9>0.214797
7:6>71.5
14:1>30.7925
29:17>0.189519
59:2>5.34206
118:7>11.5962
119:3>28.6254
236:7>15.637
238:9>0.347389
473:23>0.0481482
477:6>169
15
4(0):2(0)1(0)
6(0):3(0)1(1)
10(1):5(0)2(1)1(0)
11(0):5(1)2(1)1(0)
15(0):7(1)3(1)1(1)
28(0):14(0)7(0)3(1)1(1)
58(0):29(0)14(1)7(0)3(1)1(1)
237(0):118(1)59(0)29(1)14(1)7(0)3(1)1(1)
239(0):119(1)59(1)29(1)14(1)7(0)3(1)1(1)
472(1):236(0)118(0)59(0)29(1)14(1)7(0)3(1)1(1)
476(1):238(0)119(0)59(1)29(1)14(1)7(0)3(1)1(1)
946(0):473(0)236(1)118(0)59(0)29(1)14(1)7(0)3(1)1(1)
947(1):473(1)236(1)118(0)59(0)29(1)14(1)7(0)3(1)1(1)
954(1):477(0)238(1)119(0)59(1)29(1)14(1)7(0)3(1)1(1)
955(0):477(1)238(1)119(0)59(1)29(1)14(1)7(0)3(1)1(1)

8
1:26>0.0500001
3:7>13.9002
6:2>5.49325
7:16>0.0026362
12:20>0.3025
13:22>0.51
24:6>201
27:7>22.2728
9
2(0):1(0)
14(1):7(0)3(1)1(1)
15(0):7(1)3(1)1(1)
25(0):12(1)6(0)3(0)1(1)
26(0):13(0)6(1)3(0)1(1)
48(1):24(0)12(0)6(0)3(0)1(1)
49(1):24(1)12(0)6(0)3(0)1(1)
54(1):27(0)13(1)6(1)3(0)1(1)
55(0):27(1)13(1)6(1)3(0)1(1)

16
1:4>18.0144
2:3>39.5615
3:20>0.535
5:1>27.4663
7:14>0.049905
10:2>6.95476
11:19>0.146584
14:23>0.0544445
20:26>0.0722223
21:13>-0.194275
22:18>0.452143
23:21>0.56
29:16>0.00186321
44:19>0.176486
58:19>0.0485887
59:11>0.600134
17
4(0):2(0)1(0)
6(1):3(0)1(1)
15(1):7(1)3(1)1(1)
28(0):14(0)7(0)3(1)1(1)
40(0):20(0)10(0)5(0)2(1)1(0)
41(1):20(1)10(0)5(0)2(1)1(0)
42(0):21(0)10(1)5(0)2(1)1(0)
43(1):21(1)10(1)5(0)2(1)1(0)
45(1):22(1)11(0)5(1)2(1)1(0)
46(1):23(0)11(1)5(1)2(1)1(0)
47(1):23(1)11(1)5(1)2(1)1(0)
88(1):44(0)22(0)11(0)5(1)2(1)1(0)
89(0):44(1)22(0)11(0)5(1)2(1)1(0)
116(1):58(0)29(0)14(1)7(0)3(1)1(1)
117(0):58(1)29(0)14(1)7(0)3(1)1(1)
118(1):59(0)29(1)14(1)7(0)3(1)1(1)
119(0):59(1)29(1)14(1)7(0)3(1)1(1)

13
1:1>30.0365
2:5>3.10349
3:20>0.183456
5:13>0.000786645
6:5>-0.07412
10:4>16.6354
12:18>0.5115
24:14>0.0394558
25:9>1.07936
48:5>2.69591
50:9>1.26511
51:2>14.7158
102:23>0.0485597
14
4(1):2(0)1(0)
7(0):3(1)1(1)
11(0):5(1)2(1)1(0)
13(0):6(1)3(0)1(1)
20(0):10(0)5(0)2(1)1(0)
21(1):10(1)5(0)2(1)1(0)
49(1):24(1)12(0)6(0)3(0)1(1)
96(0):48(0)24(0)12(0)6(0)3(0)1(1)
97(1):48(1)24(0)12(0)6(0)3(0)1(1)
100(1):50(0)25(0)12(1)6(0)3(0)1(1)
101(0):50(1)25(0)12(1)6(0)3(0)1(1)
103(1):51(1)25(1)12(1)6(0)3(0)1(1)
204(0):102(0)51(0)25(1)12(1)6(0)3(0)1(1)
205(1):102(1)51(0)25(1)12(1)6(0)3(0)1(1)

17
1:21>0.355
2:27>0.0555556
3:15>3.695e-05
4:7>23.552
5:4>13.8924
6:27>0.0500001
8:25>0.0777777
10:20>0.445
11:9>0.0564356
20:22>0.645
21:19>0.146697
41:5>2.75823
42:23>0.054321
43:3>39.5112
82:17>0.0540563
87:1>29.5326
174:0>24.7448
18
7(0):3(1)1(1)
9(0):4(1)2(0)1(0)
12(0):6(0)3(0)1(1)
13(1):6(1)3(0)1(1)
16(0):8(0)4(0)2(0)1(0)
17(1):8(1)4(0)2(0)1(0)
22(0):11(0)5(1)2(1)1(0)
23(1):11(1)5(1)2(1)1(0)
40(0):20(0)10(0)5(0)2(1)1(0)
83(1):41(1)20(1)10(0)5(0)2(1)1(0)
84(1):42(0)21(0)10(1)5(0)2(1)1(0)
85(0):42(1)21(0)10(1)5(0)2(1)1(0)
86(0):43(0)21(1)10(1)5(0)2(1)1(0)
164(1):82(0)41(0)20(1)10(0)5(0)2(1)1(0)
165(0):82(1)41(0)20(1)10(0)5(0)2(1)1(0)
175(1):87(1)43(1)21(1)10(1)5(0)2(1)1(0)
348(1):174(0)87(0)43(1)21(1)10(1)5(0)2(1)1(0)
349(0):174(1)87(0)43(1)21(1)10(1)5(0)2(1)1(0)

13
1:1>30.0365
2:9>0.084638
3:7>16.2152
5:0>28.2623
6:20>0.525
7:21>0.3875
10:26>0.0666667
12:17>0.0508824
13:18>0.253138
14:19>0.102435
26:19>0.146697
52:9>0.349413
105:16>0.000355325
14
4(0):2(0)1(0)
11(0):5(1)2(1)1(0)
15(0):7(1)3(1)1(1)
20(0):10(0)5(0)2(1)1(0)
21(1):10(1)5(0)2(1)1(0)
24(1):12(0)6(0)3(0)1(1)
25(0):12(1)6(0)3(0)1(1)
27(0):13(1)6(1)3(0)1(1)
28(1):14(0)7(0)3(1)1(1)
29(1):14(1)7(0)3(1)1(1)
53(1):26(1)13(0)6(1)3(0)1(1)
104(0):52(0)26(0)13(0)6(1)3(0)1(1)
210(1):105(0)52(1)26(0)13(0)6(1)3(0)1(1)
211(0):105(1)52(1)26(0)13(0)6(1)3(0)1(1)

14
1:4>16.1067
2:1>30.0869
3:9>0.118583
5:21>0.5775
7:7>13.1129
10:17>0.0725837
11:15>0.00155153
14:17>0.00440226
15:10>0.00985508
22:12>0.1724
23:17>0.666473
47:25>0.0666667
95:6>119.5
191:10>0.12118
15
4(0):2(0)1(0)
6(0):3(0)1(1)
20(1):10(0)5(0)2(1)1(0)
21(0):10(1)5(0)2(1)1(0)
28(1):14(0)7(0)3(1)1(1)
29(0):14(1)7(0)3(1)1(1)
30(0):15(0)7(1)3(1)1(1)
31(1):15(1)7(1)3(1)1(1)
44(1):22(0)11(0)5(1)2(1)1(0)
45(0):22(1)11(0)5(1)2(1)1(0)
46(0):23(0)11(1)5(1)2(1)1(0)
94(0):47(0)23(1)11(1)5(1)2(1)1(0)
190(1):95(0)47(1)23(1)11(1)5(1)2(1)1(0)
382(1):191(0)95(1)47(1)23(1)11(1)5(1)2(1)1(0)
383(0):191(1)95(1)47(1)23(1)11(1)5(1)2(1)1(0)

13
1:21>0.3675
2:0>26.9119
3:15>-6.1909e-05
4:26>0.0777777
5:0>22.0976
6:27>0.0500001
9:1>30.742
10:12>0.533206
19:12>0.185055
20:24>0.0533845
21:3>33.7155
39:10>0.111663
42:1>26.1056
14
7(0):3(1)1(1)
8(0):4(0)2(0)1(0)
11(0):5(1)2(1)1(0)
12(0):6(0)3(0)1(1)
13(1):6(1)3(0)1(1)
18(0):9(0)4(1)2(0)1(0)
38(1):19(0)9(1)4(1)2(0)1(0)
40(0):20(0)10(0)5(0)2(1)1(0)
41(1):20(1)10(0)5(0)2(1)1(0)
43(1):21(1)10(1)5(0)2(1)1(0)
78(0):39(0)19(1)9(1)4(1)2(0)1(0)
79(1):39(1)19(1)9(1)4(1)2(0)1(0)
84(0):42(0)21(0)10(1)5(0)2(1)1(0)
85(1):42(1)21(0)10(1)5(0)2(1)1(0)

15
1:27>0.0611112
3:4>15.3121
6:21>0.535
7:15>-0.00392247
12:10>0.142683
13:13>0.124688
14:20>0.475
24:5>2.78711
27:20>0.3525
29:20>0.2775
54:22>0.44625
55:18>0.441905
109:10>0.0843483
111:10>0.188403
222:19>0.10087
16
2(0):1(0)
15(0):7(1)3(1)1(1)
25(0):12(1)6(0)3(0)1(1)
26(0):13(0)6(1)3(0)1(1)
28(0):14(0)7(0)3(1)1(1)
48(0):24(0)12(0)6(0)3(0)1(1)
49(1):24(1)12(0)6(0)3(0)1(1)
58(1):29(0)14(1)7(0)3(1)1(1)
59(0):29(1)14(1)7(0)3(1)1(1)
108(1):54(0)27(0)13(1)6(1)3(0)1(1)
110(0):55(0)27(1)13(1)6(1)3(0)1(1)
218(0):109(0)54(1)27(0)13(1)6(1)3(0)1(1)
219(1):109(1)54(1)27(0)13(1)6(1)3(0)1(1)
223(1):111(1)55(1)27(1)13(1)6(1)3(0)1(1)
444(1):222(0)111(0)55(1)27(1)13(1)6(1)3(0)1(1)
445(0):222(1)111(0)55(1)27(1)13(1)6(1)3(0)1(1)

8
1:18>0.347133
2:2>6.80357
4:7>13.8959
5:20>0.4425
8:3>42.6976
9:14>0.0441282
11:1>28.827
23:14>0.547466
9
3(0):1(1)
10(0):5(0)2(1)1(0)
16(0):8(0)4(0)2(0)1(0)
17(1):8(1)4(0)2(0)1(0)
18(0):9(0)4(1)2(0)1(0)
19(1):9(1)4(1)2(0)1(0)
22(0):11(0)5(1)2(1)1(0)
46(0):23(0)11(1)5(1)2(1)1(0)
47(1):23(1)11(1)5(1)2(1)1(0)

11
1:1>30.6916
2:9>0.084638
3:0>23.4345
5:17>0.00667311
6:2>12.5488
12:27>0.0611112
13:19>0.147292
25:24>0.0104315
26:16>0.001649
27:21>0.205784
50:17>0.00732016
12
4(0):2(0)1(0)
7(0):3(1)1(1)
10(1):5(0)2(1)1(0)
11(0):5(1)2(1)1(0)
24(0):12(0)6(0)3(0)1(1)
51(1):25(1)12(1)6(0)3(0)1(1)
52(1):26(0)13(0)6(1)3(0)1(1)
53(0):26(1)13(0)6(1)3(0)1(1)
54(1):27(0)13(1)6(1)3(0)1(1)
55(0):27(1)13(1)6(1)3(0)1(1)
100(1):50(0)25(0)12(1)6(0)3(0)1(1)
101(0):50(1)25(0)12(1)6(0)3(0)1(1)

14
1:7>17.5143
2:27>0.0666667
3:13>-0.00282115
5:6>221
6:18>0.243353
10:15>-0.000295065
11:0>25.4504
12:10>0.108022
22:19>0.0635298
23:20>0.43875
24:22>0.52
47:19>0.0962285
49:22>0.4775
99:18>0.381607
15
4(0):2(0)1(0)
7(0):3(1)1(1)
13(0):6(1)3(0)1(1)
20(1):10(0)5(0)2(1)1(0)
21(0):10(1)5(0)2(1)1(0)
25(1):12(1)6(0)3(0)1(1)
44(1):22(0)11(0)5(1)2(1)1(0)
45(0):22(1)11(0)5(1)2(1)1(0)
46(0):23(0)11(1)5(1)2(1)1(0)
48(1):24(0)12(0)6(0)3(0)1(1)
94(1):47(0)23(1)11(1)5(1)2(1)1(0)
95(0):47(1)23(1)11(1)5(1)2(1)1(0)
98(0):49(0)24(1)12(0)6(0)3(0)1(1)
198(1):99(0)49(1)24(1)12(0)6(0)3(0)1(1)
199(0):99(1)49(1)24(1)12(0)6(0)3(0)1(1)

13
1:3>36.1345
2:19>0.105639
3:21>0.345
4:1>29.2302
6:18>0.5115
7:11>0.254122
9:19>0.158187
12:22>0.62875
13:4>12.5114
24:8>0.532852
25:19>0.0944997
26:19>0.089051
53:23>0.0466667
14
5(0):2(1)1(0)
8(0):4(0)2(0)1(0)
14(1):7(0)3(1)1(1)
15(0):7(1)3(1)1(1)
18(0):9(0)4(1)2(0)1(0)
19(1):9(1)4(1)2(0)1(0)
27(0):13(1)6(1)3(0)1(1)
48(1):24(0)12(0)6(0)3(0)1(1)
49(0):24(1)12(0)6(0)3(0)1(1)
50(1):25(0)12(1)6(0)3(0)1(1)
51(0):25(1)12(1)6(0)3(0)1(1)
52(1):26(0)13(0)6(1)3(0)1(1)
106(1):53(0)26(1)13(0)6(1)3(0)1(1)
107(0):53(1)26(1)13(0)6(1)3(0)1(1)

11
1:27>0.0722223
2:19>0.129898
3:6>94.5
6:0>22.477
7:11>0.168405
12:1>30.4397
14:24>0.0083992
25:2>1.15912
29:2>9.67617
50:15>0.00155153
100:0>29.3813
12
4(1):2(0)1(0)
5(0):2(1)1(0)
13(0):6(1)3(0)1(1)
15(0):7(1)3(1)1(1)
24(0):12(0)6(0)3(0)1(1)
28(1):14(0)7(0)3(1)1(1)
51(0):25(1)12(1)6(0)3(0)1(1)
58(1):29(0)14(1)7(0)3(1)1(1)
59(0):29(1)14(1)7(0)3(1)1(1)
101(1):50(1)25(0)12(1)6(0)3(0)1(1)
200(1):100(0)50(0)25(0)12(1)6(0)3(0)1(1)
201(0):100(1)50(0)25(0)12(1)6(0)3(0)1(1)

15
1:6>95.5
2:19>0.0967249
3:1>29.5326
4:2>2.16707
5:24>0.0287531
6:8>0.157015
7:26>0.0638889
8:21>0.63
11:14>0.136512
13:18>0.378
15:6>90
17:7>16.7706
22:14>0.3152
34:18>0.531667
35:9>0.0675411
16
9(0):4(1)2(0)1(0)
10(0):5(0)2(1)1(0)
12(0):6(0)3(0)1(1)
14(0):7(0)3(1)1(1)
16(0):8(0)4(0)2(0)1(0)
23(1):11(1)5(1)2(1)1(0)
26(0):13(0)6(1)3(0)1(1)
27(1):13(1)6(1)3(0)1(1)
30(0):15(0)7(1)3(1)1(1)
31(1):15(1)7(1)3(1)1(1)
44(1):22(0)11(0)5(1)2(1)1(0)
45(0):22(1)11(0)5(1)2(1)1(0)
68(0):34(0)17(0)8(1)4(0)2(0)1(0)
69(1):34(1)17(0)8(1)4(0)2(0)1(0)
70(0):35(0)17(1)8(1)4(0)2(0)1(0)
71(1):35(1)17(1)8(1)4(0)2(0)1(0)

16
1:0>27.4939
2:1>32.0524
3:12>0.281155
5:18>0.299393
6:3>35.2274
7:2>5.34206
10:9>0.0387012
13:6>102.5
14:7>14.1716
15:14>0.509916
20:13>-0.404532
28:19>0.108784
40:15>-0.0224977
41:24>0.0090722
57:13>0.000771937
81:15>-0.0251441
17
4(0):2(0)1(0)
11(0):5(1)2(1)1(0)
12(0):6(0)3(0)1(1)
21(0):10(1)5(0)2(1)1(0)
26(1):13(0)6(1)3(0)1(1)
27(0):13(1)6(1)3(0)1(1)
29(0):14(1)7(0)3(1)1(1)
30(1):15(0)7(1)3(1)1(1)
31(0):15(1)7(1)3(1)1(1)
56(1):28(0)14(0)7(0)3(1)1(1)
80(1):40(0)20(0)10(0)5(0)2(1)1(0)
82(0):41(0)20(1)10(0)5(0)2(1)1(0)
83(1):41(1)20(1)10(0)5(0)2(1)1(0)
114(0):57(0)28(1)14(0)7(0)3(1)1(1)
115(1):57(1)28(1)14(0)7(0)3(1)1(1)
162(0):81(0)40(1)20(0)10(0)5(0)2(1)1(0)
163(1):81(1)40(1)20(0)10(0)5(0)2(1)1(0)

19
1:4>17.4155
2:27>0.0666667
3:7>13.2592
4:23>0.0644445
5:20>0.44375
6:27>0.0555556
7:23>0.0454546
9:15>-0.000370967
10:22>0.62875
11:3>44.7524
13:13>-0.0037731
15:21>0.435
20:13>0.015309
21:18>0.487976
23:17>0.637023
26:24>0.0174714
47:19>0.146697
52:23>0.0525926
94:21>0.42
20
8(0):4(0)2(0)1(0)
12(0):6(0)3(0)1(1)
14(0):7(0)3(1)1(1)
18(0):9(0)4(1)2(0)1(0)
19(1):9(1)4(1)2(0)1(0)
22(0):11(0)5(1)2(1)1(0)
27(0):13(1)6(1)3(0)1(1)
30(0):15(0)7(1)3(1)1(1)
31(1):15(1)7(1)3(1)1(1)
40(1):20(0)10(0)5(0)2(1)1(0)
41(0):20(1)10(0)5(0)2(1)1(0)
42(1):21(0)10(1)5(0)2(1)1(0)
43(1):21(1)10(1)5(0)2(1)1(0)
46(0):23(0)11(1)5(1)2(1)1(0)
53(1):26(1)13(0)6(1)3(0)1(1)
95(1):47(1)23(1)11(1)5(1)2(1)1(0)
104(1):52(0)26(0)13(0)6(1)3(0)1(1)
105(0):52(1)26(0)13(0)6(1)3(0)1(1)
188(1):94(0)47(0)23(1)11(1)5(1)2(1)1(0)
189(0):94(1)47(0)23(1)11(1)5(1)2(1)1(0)

14
1:3>36.0333
2:17>0.0474633
3:27>0.0611112
4:10>0.185273
7:0>25.5512
9:23>0.0466667
14:15>-0.131713
15:17>0.00497802
28:17>0.190265
29:13>-0.119381
30:24>0.0074074
57:18>0.588826
59:20>0.3975
60:24>0.0282754
15
5(0):2(1)1(0)
6(0):3(0)1(1)
8(0):4(0)2(0)1(0)
18(1):9(0)4(1)2(0)1(0)
19(0):9(1)4(1)2(0)1(0)
31(1):15(1)7(1)3(1)1(1)
56(0):28(0)14(0)7(0)3(1)1(1)
58(0):29(0)14(1)7(0)3(1)1(1)
61(0):30(1)15(0)7(1)3(1)1(1)
114(0):57(0)28(1)14(0)7(0)3(1)1(1)
115(1):57(1)28(1)14(0)7(0)3(1)1(1)
118(0):59(0)29(1)14(1)7(0)3(1)1(1)
119(1):59(1)29(1)14(1)7(0)3(1)1(1)
120(0):60(0)30(0)15(0)7(1)3(1)1(1)
121(1):60(1)30(0)15(0)7(1)3(1)1(1)

6
1:1>30.2719
3:20>0.29375
6:0>25.9544
12:9>0.822929
13:22>0.575
24:12>0.206005
7
2(0):1(0)
7(0):3(1)1(1)
25(1):12(1)6(0)3(0)1(1)
26(0):13(0)6(1)3(0)1(1)
27(1):13(1)6(1)3(0)1(1)
48(1):24(0)12(0)6(0)3(0)1(1)
49(0):24(1)12(0)6(0)3(0)1(1)

18
1:3>37.7976
2:17>0.079912
3:18>0.347133
4:15>0.0315625
5:9>1.56592
6:0>22.8298
7:16>0.0192853
10:22>0.425
12:0>27.9702
13:20>0.545
24:2>15.1191
25:3>34.6226
27:14>0.347692
48:23>0.0481482
50:17>0.00590048
51:16>-0.0182311
100:20>0.38625
102:10>0.22038
19
8(0):4(0)2(0)1(0)
9(1):4(1)2(0)1(0)
11(0):5(1)2(1)1(0)
14(1):7(0)3(1)1(1)
15(0):7(1)3(1)1(1)
20(1):10(0)5(0)2(1)1(0)
21(0):10(1)5(0)2(1)1(0)
26(1):13(0)6(1)3(0)1(1)
49(1):24(1)12(0)6(0)3(0)1(1)
54(1):27(0)13(1)6(1)3(0)1(1)
55(0):27(1)13(1)6(1)3(0)1(1)
96(0):48(0)24(0)12(0)6(0)3(0)1(1)
97(1):48(1)24(0)12(0)6(0)3(0)1(1)
101(0):50(1)25(0)12(1)6(0)3(0)1(1)
103(0):51(1)25(1)12(1)6(0)3(0)1(1)
200(0):100(0)50(0)25(0)12(1)6(0)3(0)1(1)
201(1):100(1)50(0)25(0)12(1)6(0)3(0)1(1)
204(0):102(0)51(0)25(1)12(1)6(0)3(0)1(1)
205(1):102(1)51(0)25(1)12(1)6(0)3(0)1(1)

12
1:1>30.0365
2:5>3.10349
3:18>0.347133
5:19>0.0595432
6:22>0.62875
11:12>0.221544
12:16>0.00136224
13:6>100.5
26:1>29.3813
27:6>91
52:12>0.175367
54:21>0.455
13
4(1):2(0)1(0)
7(0):3(1)1(1)
10(0):5(0)2(1)1(0)
22(0):11(0)5(1)2(1)1(0)
23(1):11(1)5(1)2(1)1(0)
24(1):12(0)6(0)3(0)1(1)
25(0):12(1)6(0)3(0)1(1)
53(1):26(1)13(0)6(1)3(0)1(1)
55(1):27(1)13(1)6(1)3(0)1(1)
104(1):52(0)26(0)13(0)6(1)3(0)1(1)
105(0):52(1)26(0)13(0)6(1)3(0)1(1)
108(0):54(0)27(0)13(1)6(1)3(0)1(1)
109(1):54(1)27(0)13(1)6(1)3(0)1(1)

12
1:22>0.37
2:27>0.0666667
5:1>30.2885
10:18>0.378
11:2>3.88056
21:20>0.3525
22:21>0.565
23:16>-0.00749698
44:16>0.00122327
45:3>27.2142
89:22>0.62875
91:22>0.4525
13
3(0):1(1)
4(0):2(0)1(0)
20(0):10(0)5(0)2(1)1(0)
42(0):21(0)10(1)5(0)2(1)1(0)
43(1):21(1)10(1)5(0)2(1)1(0)
46(0):23(0)11(1)5(1)2(1)1(0)
47(1):23(1)11(1)5(1)2(1)1(0)
88(1):44(0)22(0)11(0)5(1)2(1)1(0)
90(1):45(0)22(1)11(0)5(1)2(1)1(0)
178(0):89(0)44(1)22(0)11(0)5(1)2(1)1(0)
179(1):89(1)44(1)22(0)11(0)5(1)2(1)1(0)
182(1):91(0)45(1)22(1)11(0)5(1)2(1)1(0)
183(0):91(1)45(1)22(1)11(0)5(1)2(1)1(0)

13
1:21>0.3675
2:26>0.0555556
3:9>0.0835754
5:22>0.6425
7:18>0.334143
11:24>3.5e-18
22:4>18.6316
23:8>0.136644
44:10>0.0158352
45:7>12.7315
88:17>0.666473
89:17>0.0508824
90:1>29.1294
14
4(0):2(0)1(0)
6(0):3(0)1(1)
10(0):5(0)2(1)1(0)
14(1):7(0)3(1)1(1)
15(0):7(1)3(1)1(1)
46(0):23(0)11(1)5(1)2(1)1(0)
47(1):23(1)11(1)5(1)2(1)1(0)
91(0):45(1)22(1)11(0)5(1)2(1)1(0)
176(0):88(0)44(0)22(0)11(0)5(1)2(1)1(0)
177(1):88(1)44(0)22(0)11(0)5(1)2(1)1(0)
178(1):89(0)44(1)22(0)11(0)5(1)2(1)1(0)
179(0):89(1)44(1)22(0)11(0)5(1)2(1)1(0)
180(0):90(0)45(0)22(1)11(0)5(1)2(1)1(0)
181(1):90(1)45(0)22(1)11(0)5(1)2(1)1(0)

14
1:3>36.0333
2:13>-0.199292
3:6>127.5
4:19>0.126927
5:25>0.0555556
6:1>29.3813
7:20>0.2975
8:19>0.135069
11:22>0.4
12:22>0.4675
13:22>0.36875
14:2>6.04762
28:4>13.8924
57:11>0.128148
15
9(0):4(1)2(0)1(0)
10(0):5(0)2(1)1(0)
15(0):7(1)3(1)1(1)
16(0):8(0)4(0)2(0)1(0)
17(1):8(1)4(0)2(0)1(0)
22(1):11(0)5(1)2(1)1(0)
23(0):11(1)5(1)2(1)1(0)
24(0):12(0)6(0)3(0)1(1)
25(1):12(1)6(0)3(0)1(1)
26(1):13(0)6(1)3(0)1(1)
27(0):13(1)6(1)3(0)1(1)
29(0):14(1)7(0)3(1)1(1)
56(1):28(0)14(0)7(0)3(1)1(1)
114(0):57(0)28(1)14(0)7(0)3(1)1(1)
115(1):57(1)28(1)14(0)7(0)3(1)1(1)

19
1:6>94.5
2:26>0.0666667
3:17>0.00588525
5:7>13.1129
6:3>35.7314
10:22>0.6425
11:2>18.5461
13:0>27.7687
21:1>30.0869
22:19>0.0744408
26:27>0.0611112
27:18>0.481143
42:10>0.12785
43:1>25.0472
54:19>0.130808
86:7>16.6047
172:21>0.5375
345:22>0.5175
690:15>0.00155153
20
4(0):2(0)1(0)
7(0):3(1)1(1)
12(0):6(0)3(0)1(1)
20(0):10(0)5(0)2(1)1(0)
23(0):11(1)5(1)2(1)1(0)
44(1):22(0)11(0)5(1)2(1)1(0)
45(0):22(1)11(0)5(1)2(1)1(0)
52(0):26(0)13(0)6(1)3(0)1(1)
53(1):26(1)13(0)6(1)3(0)1(1)
55(0):27(1)13(1)6(1)3(0)1(1)
84(0):42(0)21(0)10(1)5(0)2(1)1(0)
85(1):42(1)21(0)10(1)5(0)2(1)1(0)
87(1):43(1)21(1)10(1)5(0)2(1)1(0)
108(0):54(0)27(0)13(1)6(1)3(0)1(1)
109(1):54(1)27(0)13(1)6(1)3(0)1(1)
173(0):86(1)43(0)21(1)10(1)5(0)2(1)1(0)
344(0):172(0)86(0)43(0)21(1)10(1)5(0)2(1)1(0)
691(1):345(1)172(1)86(0)43(0)21(1)10(1)5(0)2(1)1(0)
1380(0):690(0)345(0)172(1)86(0)43(0)21(1)10(1)5(0)2(1)1(0)
1381(1):690(1)345(0)172(1)86(0)43(0)21(1)10(1)5(0)2(1)1(0)

