10
12
1:3>35.9329
2:9>0.0692966
3:18>0.517334
4:15>-0.100399
5:23>0.0562963
6:24>0.0114799
7:21>0.36
9:13>-0.101664
13:24>0.00211397
14:2>1.36072
28:2>3.93095
57:16>-0.00228545
13
8(0):4(0)2(0)1(0)
10(1):5(0)2(1)1(0)
11(0):5(1)2(1)1(0)
12(0):6(0)3(0)1(1)
15(0):7(1)3(1)1(1)
18(1):9(0)4(1)2(0)1(0)
19(0):9(1)4(1)2(0)1(0)
26(1):13(0)6(1)3(0)1(1)
27(0):13(1)6(1)3(0)1(1)
29(0):14(1)7(0)3(1)1(1)
56(1):28(0)14(0)7(0)3(1)1(1)
114(0):57(0)28(1)14(0)7(0)3(1)1(1)
115(1):57(1)28(1)14(0)7(0)3(1)1(1)

10
1:3>35.9329
2:0>27.6997
3:22>0.62375
4:20>0.235539
6:6>2305.5
7:22>0.37
8:16>0.00624539
14:0>25.3496
15:19>0.0628864
29:18>0.481143
11
5(0):2(1)1(0)
9(0):4(1)2(0)1(0)
12(1):6(0)3(0)1(1)
13(0):6(1)3(0)1(1)
16(0):8(0)4(0)2(0)1(0)
17(1):8(1)4(0)2(0)1(0)
28(1):14(0)7(0)3(1)1(1)
30(1):15(0)7(1)3(1)1(1)
31(0):15(1)7(1)3(1)1(1)
58(1):29(0)14(1)7(0)3(1)1(1)
59(0):29(1)14(1)7(0)3(1)1(1)

9
1:1>30.3893
3:22>0.63625
7:22>0.365
14:17>0.666473
15:3>33.1611
29:14>0.110387
31:21>0.182222
59:10>0.0616626
118:24>0.00785675
10
2(0):1(0)
6(0):3(0)1(1)
28(0):14(0)7(0)3(1)1(1)
30(0):15(0)7(1)3(1)1(1)
58(1):29(0)14(1)7(0)3(1)1(1)
62(1):31(0)15(1)7(1)3(1)1(1)
63(0):31(1)15(1)7(1)3(1)1(1)
119(1):59(1)29(1)14(1)7(0)3(1)1(1)
236(0):118(0)59(0)29(1)14(1)7(0)3(1)1(1)
237(1):118(1)59(0)29(1)14(1)7(0)3(1)1(1)

9
1:0>26.9119
2:17>0.00095482
3:1>20.1084
4:23>0.0616667
5:21>0.292843
6:3>34.7738
8:25>0.0555556
9:19>0.0533031
13:15>-0.00385674
10
7(1):3(1)1(1)
10(1):5(0)2(1)1(0)
11(0):5(1)2(1)1(0)
12(0):6(0)3(0)1(1)
16(0):8(0)4(0)2(0)1(0)
17(1):8(1)4(0)2(0)1(0)
18(1):9(0)4(1)2(0)1(0)
19(0):9(1)4(1)2(0)1(0)
26(0):13(0)6(1)3(0)1(1)
27(1):13(1)6(1)3(0)1(1)

13
1:6>111
2:20>0.4125
3:22>0.4575
4:3>33.5139
5:17>0.0658978
6:2>5.18763
7:22>0.39625
9:22>0.62125
11:27>0.0944443
14:22>0.415
19:5>2.94047
23:19>0.127614
46:17>0.0114778
14
8(0):4(0)2(0)1(0)
10(0):5(0)2(1)1(0)
12(1):6(0)3(0)1(1)
13(0):6(1)3(0)1(1)
15(0):7(1)3(1)1(1)
18(0):9(0)4(1)2(0)1(0)
22(0):11(0)5(1)2(1)1(0)
28(0):14(0)7(0)3(1)1(1)
29(1):14(1)7(0)3(1)1(1)
38(0):19(0)9(1)4(1)2(0)1(0)
39(1):19(1)9(1)4(1)2(0)1(0)
47(1):23(1)11(1)5(1)2(1)1(0)
92(0):46(0)23(0)11(1)5(1)2(1)1(0)
93(1):46(1)23(0)11(1)5(1)2(1)1(0)

10
1:25>0.0500001
3:6>89.5
6:1>30.3893
7:18>0.389857
13:11>0.101792
26:21>0.6025
27:18>0.482598
52:19>0.154326
53:6>94.5
107:11>0.226119
11
2(0):1(0)
12(0):6(0)3(0)1(1)
14(1):7(0)3(1)1(1)
15(0):7(1)3(1)1(1)
54(0):27(0)13(1)6(1)3(0)1(1)
55(1):27(1)13(1)6(1)3(0)1(1)
104(0):52(0)26(0)13(0)6(1)3(0)1(1)
105(1):52(1)26(0)13(0)6(1)3(0)1(1)
106(1):53(0)26(1)13(0)6(1)3(0)1(1)
214(1):107(0)53(1)26(1)13(0)6(1)3(0)1(1)
215(0):107(1)53(1)26(1)13(0)6(1)3(0)1(1)

7
1:6>106.5
2:18>0.526334
3:1>28.2726
4:17>0.0492978
5:1>31.9012
6:13>0.0385503
7:13>0.023752
8
8(1):4(0)2(0)1(0)
9(0):4(1)2(0)1(0)
10(0):5(0)2(1)1(0)
11(1):5(1)2(1)1(0)
12(1):6(0)3(0)1(1)
13(0):6(1)3(0)1(1)
14(0):7(0)3(1)1(1)
15(1):7(1)3(1)1(1)

13
1:25>0.0513889
3:2>7.75051
6:9>0.027895
7:13>-0.0368566
12:22>0.41
14:3>33.2115
15:18>0.362738
25:23>0.0461112
28:21>0.4325
29:7>26.0489
30:5>2.94041
56:24>0.0353576
61:3>42.1317
14
2(0):1(0)
13(0):6(1)3(0)1(1)
24(1):12(0)6(0)3(0)1(1)
31(0):15(1)7(1)3(1)1(1)
50(1):25(0)12(1)6(0)3(0)1(1)
51(0):25(1)12(1)6(0)3(0)1(1)
57(0):28(1)14(0)7(0)3(1)1(1)
58(1):29(0)14(1)7(0)3(1)1(1)
59(0):29(1)14(1)7(0)3(1)1(1)
60(0):30(0)15(0)7(1)3(1)1(1)
112(1):56(0)28(0)14(0)7(0)3(1)1(1)
113(0):56(1)28(0)14(0)7(0)3(1)1(1)
122(0):61(0)30(1)15(0)7(1)3(1)1(1)
123(1):61(1)30(1)15(0)7(1)3(1)1(1)

7
1:22>0.37875
2:2>5.43853
3:8>0.117387
4:8>0.112963
5:3>34.673
9:17>0.00203784
11:3>31.5484
8
6(0):3(0)1(1)
7(1):3(1)1(1)
8(1):4(0)2(0)1(0)
10(0):5(0)2(1)1(0)
18(1):9(0)4(1)2(0)1(0)
19(0):9(1)4(1)2(0)1(0)
22(1):11(0)5(1)2(1)1(0)
23(0):11(1)5(1)2(1)1(0)

13
1:17>0.00166965
2:6>104.5
3:24>1.096e-17
4:27>0.0833333
5:18>0.496222
7:22>0.4025
9:6>135.5
11:13>0.0385503
18:15>-0.00852836
23:16>-0.13446
36:2>1.36072
46:0>30.0869
72:0>25.1985
14
6(0):3(0)1(1)
8(0):4(0)2(0)1(0)
10(1):5(0)2(1)1(0)
14(1):7(0)3(1)1(1)
15(0):7(1)3(1)1(1)
19(1):9(1)4(1)2(0)1(0)
22(1):11(0)5(1)2(1)1(0)
37(0):18(1)9(0)4(1)2(0)1(0)
47(1):23(1)11(1)5(1)2(1)1(0)
73(0):36(1)18(0)9(0)4(1)2(0)1(0)
92(1):46(0)23(0)11(1)5(1)2(1)1(0)
93(0):46(1)23(0)11(1)5(1)2(1)1(0)
144(1):72(0)36(0)18(0)9(0)4(1)2(0)1(0)
145(0):72(1)36(0)18(0)9(0)4(1)2(0)1(0)

