1
17
1:1>30.0365
2:12>0.205607
3:21>0.3675
5:22>0.45
6:12>0.0940915
7:13>0.0069908
11:13>0.000786645
12:19>0.146493
14:21>0.172778
24:8>0.143971
25:0>22.8298
49:19>0.171548
50:11>0.0450729
51:24>0.0083992
100:7>15.7975
101:23>0.0470588
201:23>0.0513228
18
4(0):2(0)1(0)
10(0):5(0)2(1)1(0)
13(0):6(1)3(0)1(1)
15(0):7(1)3(1)1(1)
22(1):11(0)5(1)2(1)1(0)
23(0):11(1)5(1)2(1)1(0)
28(1):14(0)7(0)3(1)1(1)
29(0):14(1)7(0)3(1)1(1)
48(0):24(0)12(0)6(0)3(0)1(1)
98(0):49(0)24(1)12(0)6(0)3(0)1(1)
99(1):49(1)24(1)12(0)6(0)3(0)1(1)
102(1):51(0)25(1)12(1)6(0)3(0)1(1)
103(0):51(1)25(1)12(1)6(0)3(0)1(1)
200(1):100(0)50(0)25(0)12(1)6(0)3(0)1(1)
202(0):101(0)50(1)25(0)12(1)6(0)3(0)1(1)
203(1):101(1)50(1)25(0)12(1)6(0)3(0)1(1)
402(0):201(0)100(1)50(0)25(0)12(1)6(0)3(0)1(1)
403(1):201(1)100(1)50(0)25(0)12(1)6(0)3(0)1(1)

