50
8
1:0>27.7687
2:19>0.0779272
3:27>0.0500001
4:26>0.111111
5:10>0.0836983
7:14>0.121435
14:17>0.027612
28:0>25.2992
9
6(0):3(0)1(1)
8(0):4(0)2(0)1(0)
9(1):4(1)2(0)1(0)
10(0):5(0)2(1)1(0)
11(1):5(1)2(1)1(0)
15(0):7(1)3(1)1(1)
29(1):14(1)7(0)3(1)1(1)
56(1):28(0)14(0)7(0)3(1)1(1)
57(0):28(1)14(0)7(0)3(1)1(1)

7
1:23>0.0568543
2:24>0.0595361
3:5>2.681275:0>29.2302
6:20>0.57875
7:12>1.04182
15:21>0.535
8
4(1):2(0)1(0)
10(1):5(0)2(1)1(0)
11(0):5(1)2(1)1(0)
12(0):6(0)3(0)1(1)
13(1):6(1)3(0)1(1)
14(0):7(0)3(1)1(1)
30(0):15(0)7(1)3(1)1(1)
31(1):15(1)7(1)3(1)1(1)

6
1:3>33.8163
2:5>2.72328
3:0>22.1746
4:1>32.5059
6:18>0.567813
9:10>0.207586
7
5(0):2(1)1(0)
7(0):3(1)1(1)
8(0):4(0)2(0)1(0)
12(0):6(0)3(0)1(1)
13(1):6(1)3(0)1(1)
18(0):9(0)4(1)2(0)1(0)
19(1):9(1)4(1)2(0)1(0)

7
1:5>2.64763
2:7>27.7787
3:10>0.257487
5:10>0.321422
7:24>0.0153606
11:11>0.0457798
15:23>0.0883335
8
4(0):2(0)1(0)
6(1):3(0)1(1)
10(0):5(0)2(1)1(0)
14(0):7(0)3(1)1(1)
22(1):11(0)5(1)2(1)1(0)
23(0):11(1)5(1)2(1)1(0)
30(0):15(0)7(1)3(1)1(1)
31(1):15(1)7(1)3(1)1(1)

5
1:3>34.6226
2:16>0.00044047
3:22>0.237745
4:6>93
8:5>2.56861
6
5(0):2(1)1(0)
6(1):3(0)1(1)
7(0):3(1)1(1)
9(0):4(1)2(0)1(0)
16(1):8(0)4(0)2(0)1(0)
17(0):8(1)4(0)2(0)1(0)

7
1:0>29.8349
2:27>0.111111
3:21>0.4225
6:20>0.40625
7:13>-0.383575
12:5>2.77045
15:15>-0.290199
8
4(0):2(0)1(0)
5(1):2(1)1(0)
13(1):6(1)3(0)1(1)
14(0):7(0)3(1)1(1)
24(1):12(0)6(0)3(0)1(1)
25(0):12(1)6(0)3(0)1(1)
30(1):15(0)7(1)3(1)1(1)
31(0):15(1)7(1)3(1)1(1)

8
1:27>0.0500001
2:22>0.55125
3:21>0.545
4:20>0.395
7:1>32.9091
15:10>0.229733
30:14>0.41235
61:12>0.533015
9
5(0):2(1)1(0)
6(0):3(0)1(1)
8(0):4(0)2(0)1(0)
9(1):4(1)2(0)1(0)
14(0):7(0)3(1)1(1)
31(1):15(1)7(1)3(1)1(1)
60(0):30(0)15(0)7(1)3(1)1(1)
122(1):61(0)30(1)15(0)7(1)3(1)1(1)
123(0):61(1)30(1)15(0)7(1)3(1)1(1)

7
1:27>0.0500001
3:5>2.72328
6:22>0.395
7:7>20.8035
12:22>0.45625
14:21>0.64
25:15>-0.0146619
8
2(0):1(0)
13(0):6(1)3(0)1(1)
15(0):7(1)3(1)1(1)
24(1):12(0)6(0)3(0)1(1)
28(0):14(0)7(0)3(1)1(1)
29(1):14(1)7(0)3(1)1(1)
50(1):25(0)12(1)6(0)3(0)1(1)
51(1):25(1)12(1)6(0)3(0)1(1)

6
1:19>0.0803759
2:20>0.46875
3:3>32.8588
5:5>2.58809
10:24>3.68e-18
21:9>0.0769927
7
4(0):2(0)1(0)
6(0):3(0)1(1)
7(1):3(1)1(1)
11(0):5(1)2(1)1(0)
20(1):10(0)5(0)2(1)1(0)
42(0):21(0)10(1)5(0)2(1)1(0)
43(1):21(1)10(1)5(0)2(1)1(0)

8
1:19>0.0626311
2:2>6.04762
4:3>41.275
5:10>0.10518
9:1>19.7052
10:21>0.44
11:6>143.5
20:17>0.00750676
9
3(0):1(1)
8(0):4(0)2(0)1(0)
18(1):9(0)4(1)2(0)1(0)
19(0):9(1)4(1)2(0)1(0)
21(0):10(1)5(0)2(1)1(0)
22(0):11(0)5(1)2(1)1(0)
23(1):11(1)5(1)2(1)1(0)
40(0):20(0)10(0)5(0)2(1)1(0)
41(1):20(1)10(0)5(0)2(1)1(0)

7
1:19>0.0803759
2:3>37.4952
3:5>2.80875
4:20>0.40875
5:2>3.83016
9:18>0.368571
11:20>0.375
8
6(1):3(0)1(1)
7(0):3(1)1(1)
8(0):4(0)2(0)1(0)
10(1):5(0)2(1)1(0)
18(1):9(0)4(1)2(0)1(0)
19(0):9(1)4(1)2(0)1(0)
22(0):11(0)5(1)2(1)1(0)
23(1):11(1)5(1)2(1)1(0)

8
1:0>27.3304
2:5>2.64138
3:3>32.002
4:22>0.665
5:23>0.0522222
6:24>0.0462507
7:23>0.0777777
13:12>2.43307
9
8(0):4(0)2(0)1(0)
9(1):4(1)2(0)1(0)
10(0):5(0)2(1)1(0)
11(1):5(1)2(1)1(0)
12(1):6(0)3(0)1(1)
14(0):7(0)3(1)1(1)
15(1):7(1)3(1)1(1)
26(1):13(0)6(1)3(0)1(1)
27(0):13(1)6(1)3(0)1(1)

8
1:3>34.169
2:8>0.235658
3:15>-0.238334
4:3>38.9788
5:0>30.7924
6:3>27.5166
8:10>0.0979525
9:19>0.135835
9
7(0):3(1)1(1)
10(1):5(0)2(1)1(0)
11(0):5(1)2(1)1(0)
12(1):6(0)3(0)1(1)
13(0):6(1)3(0)1(1)
16(0):8(0)4(0)2(0)1(0)
17(1):8(1)4(0)2(0)1(0)
18(0):9(0)4(1)2(0)1(0)
19(1):9(1)4(1)2(0)1(0)

5
1:25>0.0555556
3:0>22.1746
6:3>39.0071
12:23>0.0555556
13:22>0.665
6
2(0):1(0)
7(0):3(1)1(1)
24(1):12(0)6(0)3(0)1(1)
25(0):12(1)6(0)3(0)1(1)
26(0):13(0)6(1)3(0)1(1)
27(1):13(1)6(1)3(0)1(1)

7
1:6>103
2:27>0.0666667
3:1>28.3734
5:18>0.490428
7:24>0.0099381
10:16>0.000791422
15:15>-0.212644
8
4(0):2(0)1(0)
6(0):3(0)1(1)
11(1):5(1)2(1)1(0)
14(0):7(0)3(1)1(1)
20(1):10(0)5(0)2(1)1(0)
21(0):10(1)5(0)2(1)1(0)
30(1):15(0)7(1)3(1)1(1)
31(0):15(1)7(1)3(1)1(1)

7
1:1>30.1877
3:2>4.6365
6:13>0.0694406
7:20>0.375
13:7>15.9979
26:19>0.0410006
27:26>0.0555556
8
2(0):1(0)
12(0):6(0)3(0)1(1)
14(0):7(0)3(1)1(1)
15(1):7(1)3(1)1(1)
52(1):26(0)13(0)6(1)3(0)1(1)
53(0):26(1)13(0)6(1)3(0)1(1)
54(0):27(0)13(1)6(1)3(0)1(1)
55(1):27(1)13(1)6(1)3(0)1(1)

7
1:5>2.68127
2:22>0.685
3:15>0.00187167
5:3>39.0071
7:8>0.489241
10:23>0.0611112
15:24>0.0410504
8
4(0):2(0)1(0)
6(1):3(0)1(1)
11(1):5(1)2(1)1(0)
14(0):7(0)3(1)1(1)
20(1):10(0)5(0)2(1)1(0)
21(0):10(1)5(0)2(1)1(0)
30(1):15(0)7(1)3(1)1(1)
31(0):15(1)7(1)3(1)1(1)

5
1:25>0.0513889
3:24>7.215e-18
6:19>0.143305
13:11>0.440341
26:6>74
6
2(0):1(0)
7(0):3(1)1(1)
12(0):6(0)3(0)1(1)
27(1):13(1)6(1)3(0)1(1)
52(1):26(0)13(0)6(1)3(0)1(1)
53(0):26(1)13(0)6(1)3(0)1(1)

8
1:23>0.0738096
3:22>0.60375
6:13>0.0289223
7:1>30.2885
14:14>0.510288
15:16>-0.053713
30:19>0.0607907
60:4>27.8083
9
2(0):1(0)
12(1):6(0)3(0)1(1)
13(0):6(1)3(0)1(1)
28(1):14(0)7(0)3(1)1(1)
29(0):14(1)7(0)3(1)1(1)
31(0):15(1)7(1)3(1)1(1)
61(0):30(1)15(0)7(1)3(1)1(1)
120(0):60(0)30(0)15(0)7(1)3(1)1(1)
121(1):60(1)30(0)15(0)7(1)3(1)1(1)

10
1:14>0.435635
2:23>0.0488889
3:0>25.3496
5:24>3.745e-18
6:2>12.5488
7:5>2.88023
12:27>0.0722223
13:4>28.1714
25:9>0.0448435
51:20>0.45
11
4(0):2(0)1(0)
10(1):5(0)2(1)1(0)
11(0):5(1)2(1)1(0)
14(1):7(0)3(1)1(1)
15(0):7(1)3(1)1(1)
24(0):12(0)6(0)3(0)1(1)
26(0):13(0)6(1)3(0)1(1)
27(1):13(1)6(1)3(0)1(1)
50(1):25(0)12(1)6(0)3(0)1(1)
102(0):51(0)25(1)12(1)6(0)3(0)1(1)
103(1):51(1)25(1)12(1)6(0)3(0)1(1)

3
1:25>0.0513889
3:1>30.2885
7:0>20.4611
4
2(0):1(0)
6(0):3(0)1(1)
14(1):7(0)3(1)1(1)
15(0):7(1)3(1)1(1)

7
1:18>0.508611
2:16>0.0476987
3:25>0.0555556
7:4>13.8924
14:3>39.0071
15:14>0.132926
29:6>69.5
8
4(1):2(0)1(0)
5(0):2(1)1(0)
6(0):3(0)1(1)
28(0):14(0)7(0)3(1)1(1)
30(0):15(0)7(1)3(1)1(1)
31(1):15(1)7(1)3(1)1(1)
58(1):29(0)14(1)7(0)3(1)1(1)
59(0):29(1)14(1)7(0)3(1)1(1)

9
1:3>34.169
2:13>-0.00466889
3:15>0.00011902
5:4>22.1863
6:24>0.0255517
7:21>0.222745
10:27>0.1
11:9>0.188538
22:15>-0.0164324
10
4(0):2(0)1(0)
12(1):6(0)3(0)1(1)
13(0):6(1)3(0)1(1)
14(1):7(0)3(1)1(1)
15(0):7(1)3(1)1(1)
20(0):10(0)5(0)2(1)1(0)
21(1):10(1)5(0)2(1)1(0)
23(1):11(1)5(1)2(1)1(0)
44(1):22(0)11(0)5(1)2(1)1(0)
45(0):22(1)11(0)5(1)2(1)1(0)

8
1:3>36.3361
2:11>1.33156
3:19>0.0767873
5:13>-0.024822
6:17>0.102652
11:15>-0.0164324
13:4>27.3322
26:13>0.00249552
9
4(1):2(0)1(0)
7(0):3(1)1(1)
10(0):5(0)2(1)1(0)
12(0):6(0)3(0)1(1)
22(1):11(0)5(1)2(1)1(0)
23(0):11(1)5(1)2(1)1(0)
27(1):13(1)6(1)3(0)1(1)
52(1):26(0)13(0)6(1)3(0)1(1)
53(0):26(1)13(0)6(1)3(0)1(1)

5
1:27>0.0500001
3:2>4.6365
6:9>0.0387012
7:21>0.525
15:13>-0.0279029
6
2(0):1(0)
12(1):6(0)3(0)1(1)
13(1):6(1)3(0)1(1)
14(0):7(0)3(1)1(1)
30(0):15(0)7(1)3(1)1(1)
31(1):15(1)7(1)3(1)1(1)

9
1:27>0.0500001
2:26>0.0555556
3:7>18.5915
5:19>0.129462
6:14>0.632807
7:18>0.397023
13:5>2.72227
15:3>36.0841
27:14>0.152472
10
4(0):2(0)1(0)
10(1):5(0)2(1)1(0)
11(0):5(1)2(1)1(0)
12(0):6(0)3(0)1(1)
14(0):7(0)3(1)1(1)
26(1):13(0)6(1)3(0)1(1)
30(0):15(0)7(1)3(1)1(1)
31(1):15(1)7(1)3(1)1(1)
54(1):27(0)13(1)6(1)3(0)1(1)
55(0):27(1)13(1)6(1)3(0)1(1)

6
1:19>0.079222
2:23>0.0825397
5:23>0.0446465
11:4>27.5966
23:18>0.560833
47:22>0.41
7
3(0):1(1)
4(0):2(0)1(0)
10(1):5(0)2(1)1(0)
22(0):11(0)5(1)2(1)1(0)
46(0):23(0)11(1)5(1)2(1)1(0)
94(1):47(0)23(1)11(1)5(1)2(1)1(0)
95(0):47(1)23(1)11(1)5(1)2(1)1(0)

6
1:6>105.5
2:3>37.1425
3:13>0.00260529
4:0>23.5353
5:22>0.665
8:6>131
7
6(1):3(0)1(1)
7(0):3(1)1(1)
9(0):4(1)2(0)1(0)
10(0):5(0)2(1)1(0)
11(1):5(1)2(1)1(0)
16(0):8(0)4(0)2(0)1(0)
17(1):8(1)4(0)2(0)1(0)

8
1:5>2.64988
2:22>0.65
3:3>34.169
5:6>92
6:17>0.0672915
10:1>35.0762
11:24>0.0090722
12:21>0.43
9
4(0):2(0)1(0)
7(1):3(1)1(1)
13(0):6(1)3(0)1(1)
20(0):10(0)5(0)2(1)1(0)
21(1):10(1)5(0)2(1)1(0)
22(1):11(0)5(1)2(1)1(0)
23(0):11(1)5(1)2(1)1(0)
24(1):12(0)6(0)3(0)1(1)
25(0):12(1)6(0)3(0)1(1)

7
1:0>27.3304
2:5>2.61878
3:5>2.77696
4:20>0.53
6:6>97.5
7:7>20.8452
14:14>0.293009
8
5(0):2(1)1(0)
8(0):4(0)2(0)1(0)
9(1):4(1)2(0)1(0)
12(1):6(0)3(0)1(1)
13(0):6(1)3(0)1(1)
15(0):7(1)3(1)1(1)
28(0):14(0)7(0)3(1)1(1)
29(1):14(1)7(0)3(1)1(1)

7
1:3>34.169
2:27>0.0500001
3:12>1.52775
5:16>0.000391502
7:3>27.7182
10:19>0.0687227
11:16>-0.0064387
8
4(0):2(0)1(0)
6(0):3(0)1(1)
14(1):7(0)3(1)1(1)
15(0):7(1)3(1)1(1)
20(1):10(0)5(0)2(1)1(0)
21(0):10(1)5(0)2(1)1(0)
22(0):11(0)5(1)2(1)1(0)
23(1):11(1)5(1)2(1)1(0)

6
1:0>27.1639
2:6>87
3:3>32.002
4:7>28.1829
8:20>0.4675
9:21>0.565
7
5(0):2(1)1(0)
6(0):3(0)1(1)
7(1):3(1)1(1)
16(1):8(0)4(0)2(0)1(0)
17(0):8(1)4(0)2(0)1(0)
18(0):9(0)4(1)2(0)1(0)
19(1):9(1)4(1)2(0)1(0)

10
1:12>0.229081
2:14>0.13518
3:18>0.548612
4:19>0.0803759
7:22>0.237745
8:10>0.175011
16:9>0.840795
17:20>0.38875
33:2>4.68691
34:10>0.150507
11
5(1):2(1)1(0)
6(0):3(0)1(1)
9(0):4(1)2(0)1(0)
14(1):7(0)3(1)1(1)
15(0):7(1)3(1)1(1)
32(1):16(0)8(0)4(0)2(0)1(0)
35(1):17(1)8(1)4(0)2(0)1(0)
66(1):33(0)16(1)8(0)4(0)2(0)1(0)
67(0):33(1)16(1)8(0)4(0)2(0)1(0)
68(1):34(0)17(0)8(1)4(0)2(0)1(0)
69(0):34(1)17(0)8(1)4(0)2(0)1(0)

6
1:1>30.1877
2:1>30.9941
3:5>2.72453
5:22>0.49625
7:21>0.4175
14:14>0.152472
7
4(0):2(0)1(0)
6(1):3(0)1(1)
10(0):5(0)2(1)1(0)
11(1):5(1)2(1)1(0)
15(0):7(1)3(1)1(1)
28(1):14(0)7(0)3(1)1(1)
29(0):14(1)7(0)3(1)1(1)

5
1:5>2.6423
2:0>22.1746
4:20>0.57875
9:10>0.287081
18:24>0.00211397
6
3(0):1(1)
5(0):2(1)1(0)
8(0):4(0)2(0)1(0)
19(1):9(1)4(1)2(0)1(0)
36(1):18(0)9(0)4(1)2(0)1(0)
37(0):18(1)9(0)4(1)2(0)1(0)

7
1:27>0.0611112
3:22>0.6425
7:24>3.68e-18
14:14>0.468482
15:6>92.5
28:23>0.0520635
30:13>0.00169715
8
2(0):1(0)
6(0):3(0)1(1)
29(1):14(1)7(0)3(1)1(1)
31(0):15(1)7(1)3(1)1(1)
56(0):28(0)14(0)7(0)3(1)1(1)
57(1):28(1)14(0)7(0)3(1)1(1)
60(0):30(0)15(0)7(1)3(1)1(1)
61(1):30(1)15(0)7(1)3(1)1(1)

6
1:5>2.64988
2:18>0.553369
3:11>0.442881
5:13>-0.479241
6:27>0.0666667
10:1>32.5059
7
4(0):2(0)1(0)
7(0):3(1)1(1)
11(0):5(1)2(1)1(0)
12(0):6(0)3(0)1(1)
13(1):6(1)3(0)1(1)
20(0):10(0)5(0)2(1)1(0)
21(1):10(1)5(0)2(1)1(0)

5
1:23>0.0607408
2:24>0.0577388
3:6>83.5
6:21>0.62
13:3>39.1583
6
4(1):2(0)1(0)
5(0):2(1)1(0)
7(0):3(1)1(1)
12(0):6(0)3(0)1(1)
26(0):13(0)6(1)3(0)1(1)
27(1):13(1)6(1)3(0)1(1)

6
1:23>0.0765873
3:3>34.6226
6:2>4.6365
7:17>0.010801
12:22>0.435
13:24>0.0482254
7
2(0):1(0)
14(1):7(0)3(1)1(1)
15(1):7(1)3(1)1(1)
24(1):12(0)6(0)3(0)1(1)
25(0):12(1)6(0)3(0)1(1)
26(1):13(0)6(1)3(0)1(1)
27(0):13(1)6(1)3(0)1(1)

8
1:1>30.1877
2:16>0.000518246
3:26>0.0555556
4:17>0.00341533
7:0>22.1746
14:20>0.51
29:22>0.375
59:21>0.335
9
5(0):2(1)1(0)
6(0):3(0)1(1)
8(0):4(0)2(0)1(0)
9(1):4(1)2(0)1(0)
15(0):7(1)3(1)1(1)
28(0):14(0)7(0)3(1)1(1)
58(1):29(0)14(1)7(0)3(1)1(1)
118(0):59(0)29(1)14(1)7(0)3(1)1(1)
119(1):59(1)29(1)14(1)7(0)3(1)1(1)

6
1:0>24.7079
2:19>0.0626311
4:23>0.105291
9:1>30.2885
19:5>2.737
39:20>0.545
7
3(0):1(1)
5(0):2(1)1(0)
8(0):4(0)2(0)1(0)
18(0):9(0)4(1)2(0)1(0)
38(1):19(0)9(1)4(1)2(0)1(0)
78(0):39(0)19(1)9(1)4(1)2(0)1(0)
79(1):39(1)19(1)9(1)4(1)2(0)1(0)

10
1:6>105.5
2:26>0.0638889
3:19>0.0840962
5:16>0.000362106
6:24>0.0210492
10:22>0.665
11:21>0.56
13:7>20.8276
23:3>37.9488
27:2>8.76902
11
4(0):2(0)1(0)
7(0):3(1)1(1)
12(0):6(0)3(0)1(1)
20(0):10(0)5(0)2(1)1(0)
21(1):10(1)5(0)2(1)1(0)
22(0):11(0)5(1)2(1)1(0)
26(0):13(0)6(1)3(0)1(1)
46(0):23(0)11(1)5(1)2(1)1(0)
47(1):23(1)11(1)5(1)2(1)1(0)
54(1):27(0)13(1)6(1)3(0)1(1)
55(0):27(1)13(1)6(1)3(0)1(1)

7
1:3>34.2194
2:8>0.302248
3:27>0.0777778
4:25>0.0777777
7:19>0.0741317
9:14>0.395939
18:21>0.49
8
5(0):2(1)1(0)
6(0):3(0)1(1)
8(0):4(0)2(0)1(0)
14(1):7(0)3(1)1(1)
15(0):7(1)3(1)1(1)
19(1):9(1)4(1)2(0)1(0)
36(0):18(0)9(0)4(1)2(0)1(0)
37(1):18(1)9(0)4(1)2(0)1(0)

8
1:26>0.0555556
3:0>25.1984
6:5>2.73027
12:12>2.49507
13:23>0.0491358
25:10>0.2162
26:8>0.599629
53:9>0.222272
9
2(0):1(0)
7(0):3(1)1(1)
24(0):12(0)6(0)3(0)1(1)
27(1):13(1)6(1)3(0)1(1)
50(0):25(0)12(1)6(0)3(0)1(1)
51(1):25(1)12(1)6(0)3(0)1(1)
52(0):26(0)13(0)6(1)3(0)1(1)
106(1):53(0)26(1)13(0)6(1)3(0)1(1)
107(0):53(1)26(1)13(0)6(1)3(0)1(1)

7
1:5>2.65057
2:1>30.4901
3:1>20.965
4:2>7.66031
5:20>0.57875
6:24>0.0426619
7:18>0.287055
8
8(1):4(0)2(0)1(0)
9(0):4(1)2(0)1(0)
10(0):5(0)2(1)1(0)
11(1):5(1)2(1)1(0)
12(1):6(0)3(0)1(1)
13(0):6(1)3(0)1(1)
14(1):7(0)3(1)1(1)
15(0):7(1)3(1)1(1)

6
1:23>0.0738096
3:19>0.0754265
6:3>38.8559
12:21>0.4225
13:0>20.7635
26:22>0.685
7
2(0):1(0)
7(0):3(1)1(1)
24(1):12(0)6(0)3(0)1(1)
25(0):12(1)6(0)3(0)1(1)
27(0):13(1)6(1)3(0)1(1)
52(0):26(0)13(0)6(1)3(0)1(1)
53(1):26(1)13(0)6(1)3(0)1(1)

7
1:0>27.3304
2:25>0.0555556
3:0>25.5008
5:21>0.64
6:26>0.0722223
7:17>0.0016126
15:20>0.3975
8
4(0):2(0)1(0)
10(0):5(0)2(1)1(0)
11(1):5(1)2(1)1(0)
12(0):6(0)3(0)1(1)
13(1):6(1)3(0)1(1)
14(0):7(0)3(1)1(1)
30(0):15(0)7(1)3(1)1(1)
31(1):15(1)7(1)3(1)1(1)

7
1:7>18.6357
2:3>39.1583
3:19>0.0756523
4:10>0.100366
5:20>0.28625
6:20>0.37125
13:5>2.77494
8
7(0):3(1)1(1)
8(0):4(0)2(0)1(0)
9(1):4(1)2(0)1(0)
10(1):5(0)2(1)1(0)
11(0):5(1)2(1)1(0)
12(0):6(0)3(0)1(1)
26(1):13(0)6(1)3(0)1(1)
27(0):13(1)6(1)3(0)1(1)

6
1:26>0.0555556
3:0>22.1746
6:20>0.545
13:15>-0.456523
26:6>135
52:2>4.6365
7
2(0):1(0)
7(0):3(1)1(1)
12(0):6(0)3(0)1(1)
27(0):13(1)6(1)3(0)1(1)
53(1):26(1)13(0)6(1)3(0)1(1)
104(1):52(0)26(0)13(0)6(1)3(0)1(1)
105(0):52(1)26(0)13(0)6(1)3(0)1(1)

6
1:25>0.0555556
3:3>37.4952
6:0>27.7687
7:5>2.68127
14:15>0.00011902
15:11>0.111527
7
2(0):1(0)
12(1):6(0)3(0)1(1)
13(0):6(1)3(0)1(1)
28(1):14(0)7(0)3(1)1(1)
29(1):14(1)7(0)3(1)1(1)
30(0):15(0)7(1)3(1)1(1)
31(1):15(1)7(1)3(1)1(1)

