50
12
1:3>35.9329
2:9>0.0692966
3:18>0.517334
4:15>-0.100399
5:23>0.0562963
6:24>0.0114799
7:21>0.36
9:13>-0.101664
13:24>0.00211397
14:2>1.36072
28:2>3.93095
57:16>-0.00228545
13
8(0):4(0)2(0)1(0)
10(1):5(0)2(1)1(0)
11(0):5(1)2(1)1(0)
12(0):6(0)3(0)1(1)
15(0):7(1)3(1)1(1)
18(1):9(0)4(1)2(0)1(0)
19(0):9(1)4(1)2(0)1(0)
26(1):13(0)6(1)3(0)1(1)
27(0):13(1)6(1)3(0)1(1)
29(0):14(1)7(0)3(1)1(1)
56(1):28(0)14(0)7(0)3(1)1(1)
114(0):57(0)28(1)14(0)7(0)3(1)1(1)
115(1):57(1)28(1)14(0)7(0)3(1)1(1)

10
1:3>35.9329
2:0>27.6997
3:22>0.62375
4:20>0.235539
6:6>2305.5
7:22>0.37
8:16>0.00624539
14:0>25.3496
15:19>0.0628864
29:18>0.481143
11
5(0):2(1)1(0)
9(0):4(1)2(0)1(0)
12(1):6(0)3(0)1(1)
13(0):6(1)3(0)1(1)
16(0):8(0)4(0)2(0)1(0)
17(1):8(1)4(0)2(0)1(0)
28(1):14(0)7(0)3(1)1(1)
30(1):15(0)7(1)3(1)1(1)
31(0):15(1)7(1)3(1)1(1)
58(1):29(0)14(1)7(0)3(1)1(1)
59(0):29(1)14(1)7(0)3(1)1(1)

9
1:1>30.3893
3:22>0.63625
7:22>0.365
14:17>0.666473
15:3>33.1611
29:14>0.110387
31:21>0.182222
59:10>0.0616626
118:24>0.00785675
10
2(0):1(0)
6(0):3(0)1(1)
28(0):14(0)7(0)3(1)1(1)
30(0):15(0)7(1)3(1)1(1)
58(1):29(0)14(1)7(0)3(1)1(1)
62(1):31(0)15(1)7(1)3(1)1(1)
63(0):31(1)15(1)7(1)3(1)1(1)
119(1):59(1)29(1)14(1)7(0)3(1)1(1)
236(0):118(0)59(0)29(1)14(1)7(0)3(1)1(1)
237(1):118(1)59(0)29(1)14(1)7(0)3(1)1(1)

9
1:0>26.9119
2:17>0.00095482
3:1>20.1084
4:23>0.0616667
5:21>0.292843
6:3>34.7738
8:25>0.0555556
9:19>0.0533031
13:15>-0.00385674
10
7(1):3(1)1(1)
10(1):5(0)2(1)1(0)
11(0):5(1)2(1)1(0)
12(0):6(0)3(0)1(1)
16(0):8(0)4(0)2(0)1(0)
17(1):8(1)4(0)2(0)1(0)
18(1):9(0)4(1)2(0)1(0)
19(0):9(1)4(1)2(0)1(0)
26(0):13(0)6(1)3(0)1(1)
27(1):13(1)6(1)3(0)1(1)

13
1:6>111
2:20>0.4125
3:22>0.4575
4:3>33.5139
5:17>0.0658978
6:2>5.18763
7:22>0.39625
9:22>0.62125
11:27>0.0944443
14:22>0.415
19:5>2.94047
23:19>0.127614
46:17>0.0114778
14
8(0):4(0)2(0)1(0)
10(0):5(0)2(1)1(0)
12(1):6(0)3(0)1(1)
13(0):6(1)3(0)1(1)
15(0):7(1)3(1)1(1)
18(0):9(0)4(1)2(0)1(0)
22(0):11(0)5(1)2(1)1(0)
28(0):14(0)7(0)3(1)1(1)
29(1):14(1)7(0)3(1)1(1)
38(0):19(0)9(1)4(1)2(0)1(0)
39(1):19(1)9(1)4(1)2(0)1(0)
47(1):23(1)11(1)5(1)2(1)1(0)
92(0):46(0)23(0)11(1)5(1)2(1)1(0)
93(1):46(1)23(0)11(1)5(1)2(1)1(0)

10
1:25>0.0500001
3:6>89.5
6:1>30.3893
7:18>0.389857
13:11>0.101792
26:21>0.6025
27:18>0.482598
52:19>0.154326
53:6>94.5
107:11>0.226119
11
2(0):1(0)
12(0):6(0)3(0)1(1)
14(1):7(0)3(1)1(1)
15(0):7(1)3(1)1(1)
54(0):27(0)13(1)6(1)3(0)1(1)
55(1):27(1)13(1)6(1)3(0)1(1)
104(0):52(0)26(0)13(0)6(1)3(0)1(1)
105(1):52(1)26(0)13(0)6(1)3(0)1(1)
106(1):53(0)26(1)13(0)6(1)3(0)1(1)
214(1):107(0)53(1)26(1)13(0)6(1)3(0)1(1)
215(0):107(1)53(1)26(1)13(0)6(1)3(0)1(1)

7
1:6>106.5
2:18>0.526334
3:1>28.2726
4:17>0.0492978
5:1>31.9012
6:13>0.0385503
7:13>0.023752
8
8(1):4(0)2(0)1(0)
9(0):4(1)2(0)1(0)
10(0):5(0)2(1)1(0)
11(1):5(1)2(1)1(0)
12(1):6(0)3(0)1(1)
13(0):6(1)3(0)1(1)
14(0):7(0)3(1)1(1)
15(1):7(1)3(1)1(1)

13
1:25>0.0513889
3:2>7.75051
6:9>0.027895
7:13>-0.0368566
12:22>0.41
14:3>33.2115
15:18>0.362738
25:23>0.0461112
28:21>0.4325
29:7>26.0489
30:5>2.94041
56:24>0.0353576
61:3>42.1317
14
2(0):1(0)
13(0):6(1)3(0)1(1)
24(1):12(0)6(0)3(0)1(1)
31(0):15(1)7(1)3(1)1(1)
50(1):25(0)12(1)6(0)3(0)1(1)
51(0):25(1)12(1)6(0)3(0)1(1)
57(0):28(1)14(0)7(0)3(1)1(1)
58(1):29(0)14(1)7(0)3(1)1(1)
59(0):29(1)14(1)7(0)3(1)1(1)
60(0):30(0)15(0)7(1)3(1)1(1)
112(1):56(0)28(0)14(0)7(0)3(1)1(1)
113(0):56(1)28(0)14(0)7(0)3(1)1(1)
122(0):61(0)30(1)15(0)7(1)3(1)1(1)
123(1):61(1)30(1)15(0)7(1)3(1)1(1)

7
1:22>0.37875
2:2>5.43853
3:8>0.117387
4:8>0.112963
5:3>34.673
9:17>0.00203784
11:3>31.5484
8
6(0):3(0)1(1)
7(1):3(1)1(1)
8(1):4(0)2(0)1(0)
10(0):5(0)2(1)1(0)
18(1):9(0)4(1)2(0)1(0)
19(0):9(1)4(1)2(0)1(0)
22(1):11(0)5(1)2(1)1(0)
23(0):11(1)5(1)2(1)1(0)

13
1:17>0.00166965
2:6>104.5
3:24>1.096e-17
4:27>0.0833333
5:18>0.496222
7:22>0.4025
9:6>135.5
11:13>0.0385503
18:15>-0.00852836
23:16>-0.13446
36:2>1.36072
46:0>30.0869
72:0>25.1985
14
6(0):3(0)1(1)
8(0):4(0)2(0)1(0)
10(1):5(0)2(1)1(0)
14(1):7(0)3(1)1(1)
15(0):7(1)3(1)1(1)
19(1):9(1)4(1)2(0)1(0)
22(1):11(0)5(1)2(1)1(0)
37(0):18(1)9(0)4(1)2(0)1(0)
47(1):23(1)11(1)5(1)2(1)1(0)
73(0):36(1)18(0)9(0)4(1)2(0)1(0)
92(1):46(0)23(0)11(1)5(1)2(1)1(0)
93(0):46(1)23(0)11(1)5(1)2(1)1(0)
144(1):72(0)36(0)18(0)9(0)4(1)2(0)1(0)
145(0):72(1)36(0)18(0)9(0)4(1)2(0)1(0)

10
1:3>34.2195
2:1>30.0365
3:12>0.0938006
5:12>0.246772
6:0>25.5512
7:5>2.86163
10:2>9.02103
11:13>0.000636926
13:20>0.52
22:20>0.248456
11
4(0):2(0)1(0)
12(1):6(0)3(0)1(1)
14(1):7(0)3(1)1(1)
15(0):7(1)3(1)1(1)
20(0):10(0)5(0)2(1)1(0)
21(1):10(1)5(0)2(1)1(0)
23(0):11(1)5(1)2(1)1(0)
26(0):13(0)6(1)3(0)1(1)
27(1):13(1)6(1)3(0)1(1)
44(1):22(0)11(0)5(1)2(1)1(0)
45(0):22(1)11(0)5(1)2(1)1(0)

10
1:25>0.0500001
3:10>0.284372
6:22>0.56
7:10>0.148543
14:3>30.2885
15:20>0.42
29:18>0.403254
30:9>0.288185
31:0>25.6016
62:19>0.0640368
11
2(0):1(0)
12(1):6(0)3(0)1(1)
13(0):6(1)3(0)1(1)
28(1):14(0)7(0)3(1)1(1)
58(0):29(0)14(1)7(0)3(1)1(1)
59(1):29(1)14(1)7(0)3(1)1(1)
60(1):30(0)15(0)7(1)3(1)1(1)
61(0):30(1)15(0)7(1)3(1)1(1)
63(0):31(1)15(1)7(1)3(1)1(1)
124(1):62(0)31(0)15(1)7(1)3(1)1(1)
125(0):62(1)31(0)15(1)7(1)3(1)1(1)

9
1:27>0.0555556
3:0>26.6095
6:18>0.349792
7:3>34.7738
14:15>-0.195118
15:5>2.92832
29:21>0.4875
31:8>0.0682214
62:22>0.63125
10
2(0):1(0)
12(1):6(0)3(0)1(1)
13(1):6(1)3(0)1(1)
28(0):14(0)7(0)3(1)1(1)
30(0):15(0)7(1)3(1)1(1)
58(1):29(0)14(1)7(0)3(1)1(1)
59(0):29(1)14(1)7(0)3(1)1(1)
63(0):31(1)15(1)7(1)3(1)1(1)
124(0):62(0)31(0)15(1)7(1)3(1)1(1)
125(1):62(1)31(0)15(1)7(1)3(1)1(1)

6
1:1>30.2381
3:19>0.0547287
6:18>0.517334
12:16>0.000774672
13:19>0.141526
26:3>27.0631
7
2(0):1(0)
7(0):3(1)1(1)
24(1):12(0)6(0)3(0)1(1)
25(0):12(1)6(0)3(0)1(1)
27(1):13(1)6(1)3(0)1(1)
52(1):26(0)13(0)6(1)3(0)1(1)
53(0):26(1)13(0)6(1)3(0)1(1)

7
1:1>30.3893
3:19>0.0543785
6:2>3.93095
12:21>0.5525
13:24>7.425e-18
24:22>0.63625
25:0>22.3762
8
2(0):1(0)
7(0):3(1)1(1)
26(0):13(0)6(1)3(0)1(1)
27(1):13(1)6(1)3(0)1(1)
48(0):24(0)12(0)6(0)3(0)1(1)
49(1):24(1)12(0)6(0)3(0)1(1)
50(1):25(0)12(1)6(0)3(0)1(1)
51(0):25(1)12(1)6(0)3(0)1(1)

7
1:26>0.0555556
3:22>0.62375
7:19>0.0761122
14:24>0.0174714
29:2>6.90437
59:1>30.0365
119:3>27.1639
8
2(0):1(0)
6(0):3(0)1(1)
15(0):7(1)3(1)1(1)
28(1):14(0)7(0)3(1)1(1)
58(1):29(0)14(1)7(0)3(1)1(1)
118(0):59(0)29(1)14(1)7(0)3(1)1(1)
238(1):119(0)59(1)29(1)14(1)7(0)3(1)1(1)
239(0):119(1)59(1)29(1)14(1)7(0)3(1)1(1)

10
1:18>0.350049
2:21>0.5525
3:14>0.130337
4:16>0.000774672
5:0>25.291
7:10>0.0438116
8:26>0.1
9:1>21.5699
10:27>0.0944443
21:1>31.9516
11
6(0):3(0)1(1)
11(0):5(1)2(1)1(0)
14(0):7(0)3(1)1(1)
15(1):7(1)3(1)1(1)
16(0):8(0)4(0)2(0)1(0)
17(1):8(1)4(0)2(0)1(0)
18(0):9(0)4(1)2(0)1(0)
19(1):9(1)4(1)2(0)1(0)
20(0):10(0)5(0)2(1)1(0)
42(0):21(0)10(1)5(0)2(1)1(0)
43(1):21(1)10(1)5(0)2(1)1(0)

10
1:21>0.3625
2:25>0.0611112
5:3>34.2195
10:0>26.9623
11:2>4.33413
20:20>0.3675
22:22>0.62375
23:13>-0.094869
40:23>0.0505051
44:4>20.7566
11
3(0):1(1)
4(0):2(0)1(0)
21(0):10(1)5(0)2(1)1(0)
41(1):20(1)10(0)5(0)2(1)1(0)
45(1):22(1)11(0)5(1)2(1)1(0)
46(0):23(0)11(1)5(1)2(1)1(0)
47(1):23(1)11(1)5(1)2(1)1(0)
80(1):40(0)20(0)10(0)5(0)2(1)1(0)
81(0):40(1)20(0)10(0)5(0)2(1)1(0)
88(1):44(0)22(0)11(0)5(1)2(1)1(0)
89(0):44(1)22(0)11(0)5(1)2(1)1(0)

8
1:22>0.44
2:3>36.0841
3:6>118
5:22>0.6475
6:14>0.13456
11:3>25.2488
12:13>-0.0975806
22:17>0.638132
9
4(0):2(0)1(0)
7(0):3(1)1(1)
10(0):5(0)2(1)1(0)
13(1):6(1)3(0)1(1)
23(0):11(1)5(1)2(1)1(0)
24(0):12(0)6(0)3(0)1(1)
25(1):12(1)6(0)3(0)1(1)
44(0):22(0)11(0)5(1)2(1)1(0)
45(1):22(1)11(0)5(1)2(1)1(0)

7
1:22>0.37875
2:0>25.5512
4:21>0.66
5:13>-0.0478983
9:27>0.0888888
11:22>0.57
22:18>0.592062
8
3(0):1(1)
8(0):4(0)2(0)1(0)
10(0):5(0)2(1)1(0)
18(0):9(0)4(1)2(0)1(0)
19(1):9(1)4(1)2(0)1(0)
23(0):11(1)5(1)2(1)1(0)
44(0):22(0)11(0)5(1)2(1)1(0)
45(1):22(1)11(0)5(1)2(1)1(0)

6
1:27>0.0611112
3:0>26.9119
7:1>27.819
15:19>0.135536
30:19>0.146584
61:16>0.00161873
7
2(0):1(0)
6(1):3(0)1(1)
14(0):7(0)3(1)1(1)
31(1):15(1)7(1)3(1)1(1)
60(0):30(0)15(0)7(1)3(1)1(1)
122(0):61(0)30(1)15(0)7(1)3(1)1(1)
123(1):61(1)30(1)15(0)7(1)3(1)1(1)

8
1:0>26.6095
2:3>39.8684
3:6>141
5:20>0.218039
7:20>0.3675
10:15>-0.60202
14:8>0.202829
28:11>0.868132
9
4(0):2(0)1(0)
6(0):3(0)1(1)
11(0):5(1)2(1)1(0)
15(0):7(1)3(1)1(1)
20(1):10(0)5(0)2(1)1(0)
21(0):10(1)5(0)2(1)1(0)
29(1):14(1)7(0)3(1)1(1)
56(1):28(0)14(0)7(0)3(1)1(1)
57(0):28(1)14(0)7(0)3(1)1(1)

11
1:3>36.2976
2:11>0.889992
3:19>0.141236
4:20>0.41
5:13>0.0425959
6:9>0.305097
7:21>0.196961
13:17>0.00652121
14:12>0.105339
28:4>14.3716
29:20>0.38
12
8(0):4(0)2(0)1(0)
9(1):4(1)2(0)1(0)
10(1):5(0)2(1)1(0)
11(0):5(1)2(1)1(0)
12(1):6(0)3(0)1(1)
15(0):7(1)3(1)1(1)
26(1):13(0)6(1)3(0)1(1)
27(0):13(1)6(1)3(0)1(1)
56(1):28(0)14(0)7(0)3(1)1(1)
57(0):28(1)14(0)7(0)3(1)1(1)
58(0):29(0)14(1)7(0)3(1)1(1)
59(1):29(1)14(1)7(0)3(1)1(1)

9
1:3>34.2195
2:19>0.0951445
3:3>25.2488
4:5>2.69898
6:22>0.6475
8:23>0.0487655
9:16>-0.00306869
17:17>0.0331566
19:25>0.0611112
10
5(0):2(1)1(0)
7(0):3(1)1(1)
12(0):6(0)3(0)1(1)
13(1):6(1)3(0)1(1)
16(1):8(0)4(0)2(0)1(0)
18(0):9(0)4(1)2(0)1(0)
34(1):17(0)8(1)4(0)2(0)1(0)
35(0):17(1)8(1)4(0)2(0)1(0)
38(0):19(0)9(1)4(1)2(0)1(0)
39(1):19(1)9(1)4(1)2(0)1(0)

5
1:1>30.3893
3:5>2.71367
6:22>0.615
7:3>34.4715
13:26>0.0722223
6
2(0):1(0)
12(0):6(0)3(0)1(1)
14(0):7(0)3(1)1(1)
15(1):7(1)3(1)1(1)
26(0):13(0)6(1)3(0)1(1)
27(1):13(1)6(1)3(0)1(1)

13
1:21>0.3625
2:14>0.482129
4:20>0.3375
5:27>0.0555556
11:13>-0.000276216
22:3>30.3389
23:21>0.5475
45:13>0.00139115
47:22>0.41
94:15>-0.00142135
188:16>0.00281371
189:3>37.7472
379:5>2.95062
14
3(0):1(1)
8(0):4(0)2(0)1(0)
9(1):4(1)2(0)1(0)
10(0):5(0)2(1)1(0)
44(1):22(0)11(0)5(1)2(1)1(0)
46(0):23(0)11(1)5(1)2(1)1(0)
90(1):45(0)22(1)11(0)5(1)2(1)1(0)
91(0):45(1)22(1)11(0)5(1)2(1)1(0)
95(0):47(1)23(1)11(1)5(1)2(1)1(0)
376(0):188(0)94(0)47(0)23(1)11(1)5(1)2(1)1(0)
377(1):188(1)94(0)47(0)23(1)11(1)5(1)2(1)1(0)
378(0):189(0)94(1)47(0)23(1)11(1)5(1)2(1)1(0)
758(1):379(0)189(1)94(1)47(0)23(1)11(1)5(1)2(1)1(0)
759(1):379(1)189(1)94(1)47(0)23(1)11(1)5(1)2(1)1(0)

11
1:6>104.5
2:25>0.0666667
3:21>0.4875
5:22>0.64125
6:14>0.440982
7:20>0.435
11:16>0.00400604
22:20>0.315
23:1>38.7047
44:2>2.72143
45:22>0.385
12
4(0):2(0)1(0)
10(0):5(0)2(1)1(0)
12(0):6(0)3(0)1(1)
13(1):6(1)3(0)1(1)
14(1):7(0)3(1)1(1)
15(0):7(1)3(1)1(1)
46(0):23(0)11(1)5(1)2(1)1(0)
47(1):23(1)11(1)5(1)2(1)1(0)
88(1):44(0)22(0)11(0)5(1)2(1)1(0)
89(0):44(1)22(0)11(0)5(1)2(1)1(0)
90(0):45(0)22(1)11(0)5(1)2(1)1(0)
91(1):45(1)22(1)11(0)5(1)2(1)1(0)

7
1:19>0.0636866
2:1>30.3893
5:18>0.549875
10:17>0.0479054
11:3>25.1984
22:4>14.3716
45:17>0.00539341
8
3(0):1(1)
4(0):2(0)1(0)
20(1):10(0)5(0)2(1)1(0)
21(0):10(1)5(0)2(1)1(0)
23(0):11(1)5(1)2(1)1(0)
44(1):22(0)11(0)5(1)2(1)1(0)
90(0):45(0)22(1)11(0)5(1)2(1)1(0)
91(1):45(1)22(1)11(0)5(1)2(1)1(0)

11
1:0>26.0799
2:26>0.0555556
3:13>-0.0368566
5:6>63
6:9>0.0863047
7:13>-0.179603
10:6>95.5
13:22>0.615
14:22>0.67125
21:20>0.355
27:22>0.41875
12
4(0):2(0)1(0)
11(0):5(1)2(1)1(0)
12(0):6(0)3(0)1(1)
15(0):7(1)3(1)1(1)
20(1):10(0)5(0)2(1)1(0)
26(0):13(0)6(1)3(0)1(1)
28(0):14(0)7(0)3(1)1(1)
29(1):14(1)7(0)3(1)1(1)
42(0):21(0)10(1)5(0)2(1)1(0)
43(1):21(1)10(1)5(0)2(1)1(0)
54(1):27(0)13(1)6(1)3(0)1(1)
55(0):27(1)13(1)6(1)3(0)1(1)

7
1:0>26.7607
2:1>30.4898
3:1>27.819
5:19>0.0563088
6:8>0.109204
7:9>0.305097
13:13>0.0002514
8
4(0):2(0)1(0)
10(1):5(0)2(1)1(0)
11(0):5(1)2(1)1(0)
12(0):6(0)3(0)1(1)
14(1):7(0)3(1)1(1)
15(0):7(1)3(1)1(1)
26(1):13(0)6(1)3(0)1(1)
27(0):13(1)6(1)3(0)1(1)

10
1:26>0.0555556
3:9>0.0587711
6:2>5.39246
7:8>0.0272644
12:17>0.00897257
13:14>0.106518
14:10>0.099238
24:6>104.5
28:19>0.088535
49:16>-0.0753947
11
2(0):1(0)
15(1):7(1)3(1)1(1)
25(1):12(1)6(0)3(0)1(1)
26(0):13(0)6(1)3(0)1(1)
27(1):13(1)6(1)3(0)1(1)
29(0):14(1)7(0)3(1)1(1)
48(1):24(0)12(0)6(0)3(0)1(1)
56(1):28(0)14(0)7(0)3(1)1(1)
57(0):28(1)14(0)7(0)3(1)1(1)
98(0):49(0)24(1)12(0)6(0)3(0)1(1)
99(1):49(1)24(1)12(0)6(0)3(0)1(1)

8
1:26>0.0555556
3:1>30.3893
7:10>0.588665
15:22>0.62375
31:8>1.02995
63:15>0.0237793
127:22>0.41375
255:6>95
9
2(0):1(0)
6(0):3(0)1(1)
14(0):7(0)3(1)1(1)
30(0):15(0)7(1)3(1)1(1)
62(0):31(0)15(1)7(1)3(1)1(1)
126(0):63(0)31(1)15(1)7(1)3(1)1(1)
254(1):127(0)63(1)31(1)15(1)7(1)3(1)1(1)
510(1):255(0)127(1)63(1)31(1)15(1)7(1)3(1)1(1)
511(0):255(1)127(1)63(1)31(1)15(1)7(1)3(1)1(1)

7
1:0>26.9119
2:3>38.0933
3:3>34.7738
4:8>1.12226
7:6>141
15:18>0.390834
30:10>0.219928
8
5(1):2(1)1(0)
6(0):3(0)1(1)
8(1):4(0)2(0)1(0)
9(0):4(1)2(0)1(0)
14(0):7(0)3(1)1(1)
31(0):15(1)7(1)3(1)1(1)
60(0):30(0)15(0)7(1)3(1)1(1)
61(1):30(1)15(0)7(1)3(1)1(1)

7
1:5>2.72009
2:0>25.6016
3:27>0.0555556
4:22>0.37375
7:22>0.675
8:1>31.9516
15:20>0.36
8
5(0):2(1)1(0)
6(0):3(0)1(1)
9(0):4(1)2(0)1(0)
14(0):7(0)3(1)1(1)
16(0):8(0)4(0)2(0)1(0)
17(1):8(1)4(0)2(0)1(0)
30(1):15(0)7(1)3(1)1(1)
31(0):15(1)7(1)3(1)1(1)

7
1:19>0.0788995
2:1>31.8004
3:3>33.0603
5:22>0.62375
7:24>0.0312945
11:19>0.141526
22:3>30.7925
8
4(0):2(0)1(0)
6(0):3(0)1(1)
10(0):5(0)2(1)1(0)
14(0):7(0)3(1)1(1)
15(1):7(1)3(1)1(1)
23(1):11(1)5(1)2(1)1(0)
44(1):22(0)11(0)5(1)2(1)1(0)
45(0):22(1)11(0)5(1)2(1)1(0)

9
1:23>0.0726984
3:2>3.88056
6:17>0.00155673
7:21>0.4675
12:19>0.0549554
14:18>0.437986
15:19>0.0744148
24:20>0.575
49:9>2.86795
10
2(0):1(0)
13(0):6(1)3(0)1(1)
25(0):12(1)6(0)3(0)1(1)
28(0):14(0)7(0)3(1)1(1)
29(1):14(1)7(0)3(1)1(1)
30(1):15(0)7(1)3(1)1(1)
31(0):15(1)7(1)3(1)1(1)
48(0):24(0)12(0)6(0)3(0)1(1)
98(0):49(0)24(1)12(0)6(0)3(0)1(1)
99(1):49(1)24(1)12(0)6(0)3(0)1(1)

12
1:26>0.0555556
3:1>29.6333
6:17>0.00867924
7:20>0.47125
13:10>0.0885646
14:22>0.6425
15:8>1.02995
30:20>0.33
31:3>25.1984
62:12>0.0958101
124:20>0.4575
248:13>-0.03384
13
2(0):1(0)
12(0):6(0)3(0)1(1)
26(0):13(0)6(1)3(0)1(1)
27(1):13(1)6(1)3(0)1(1)
28(0):14(0)7(0)3(1)1(1)
29(1):14(1)7(0)3(1)1(1)
60(0):30(0)15(0)7(1)3(1)1(1)
61(1):30(1)15(0)7(1)3(1)1(1)
63(0):31(1)15(1)7(1)3(1)1(1)
125(1):62(1)31(0)15(1)7(1)3(1)1(1)
249(1):124(1)62(0)31(0)15(1)7(1)3(1)1(1)
496(0):248(0)124(0)62(0)31(0)15(1)7(1)3(1)1(1)
497(1):248(1)124(0)62(0)31(0)15(1)7(1)3(1)1(1)

7
1:1>30.3893
3:13>-0.0255238
6:19>0.145866
7:20>0.57875
13:19>0.0543785
26:0>25.2992
53:11>0.165951
8
2(0):1(0)
12(0):6(0)3(0)1(1)
14(0):7(0)3(1)1(1)
15(1):7(1)3(1)1(1)
27(0):13(1)6(1)3(0)1(1)
52(1):26(0)13(0)6(1)3(0)1(1)
106(1):53(0)26(1)13(0)6(1)3(0)1(1)
107(0):53(1)26(1)13(0)6(1)3(0)1(1)

10
1:25>0.0500001
3:1>30.3893
7:19>0.145866
14:1>21.721
15:18>0.549875
30:16>0.000376327
31:21>0.36
62:23>0.0496914
63:23>0.0461112
124:5>2.97799
11
2(0):1(0)
6(0):3(0)1(1)
28(0):14(0)7(0)3(1)1(1)
29(1):14(1)7(0)3(1)1(1)
60(1):30(0)15(0)7(1)3(1)1(1)
61(0):30(1)15(0)7(1)3(1)1(1)
125(1):62(1)31(0)15(1)7(1)3(1)1(1)
126(1):63(0)31(1)15(1)7(1)3(1)1(1)
127(0):63(1)31(1)15(1)7(1)3(1)1(1)
248(0):124(0)62(0)31(0)15(1)7(1)3(1)1(1)
249(1):124(1)62(0)31(0)15(1)7(1)3(1)1(1)

9
1:18>0.350625
2:0>25.9708
3:16>0.0157819
4:23>0.0930556
5:11>0.412234
6:22>0.212222
9:10>0.284372
10:12>1.43688
18:11>0.707245
10
7(0):3(1)1(1)
8(0):4(0)2(0)1(0)
11(0):5(1)2(1)1(0)
12(1):6(0)3(0)1(1)
13(0):6(1)3(0)1(1)
19(1):9(1)4(1)2(0)1(0)
20(0):10(0)5(0)2(1)1(0)
21(1):10(1)5(0)2(1)1(0)
36(1):18(0)9(0)4(1)2(0)1(0)
37(0):18(1)9(0)4(1)2(0)1(0)

11
1:19>0.0708675
2:2>5.39246
3:10>0.068035
4:20>0.565
5:13>-0.172077
9:18>0.517334
10:1>22.5778
18:20>0.47875
19:26>0.1
39:7>13.9161
79:19>0.0919987
12
6(0):3(0)1(1)
7(1):3(1)1(1)
8(0):4(0)2(0)1(0)
11(1):5(1)2(1)1(0)
20(0):10(0)5(0)2(1)1(0)
21(1):10(1)5(0)2(1)1(0)
36(1):18(0)9(0)4(1)2(0)1(0)
37(0):18(1)9(0)4(1)2(0)1(0)
38(0):19(0)9(1)4(1)2(0)1(0)
78(1):39(0)19(1)9(1)4(1)2(0)1(0)
158(0):79(0)39(1)19(1)9(1)4(1)2(0)1(0)
159(1):79(1)39(1)19(1)9(1)4(1)2(0)1(0)

8
1:0>26.0799
2:18>0.350049
3:0>22.477
5:3>34.6227
6:9>0.305097
12:12>1.06551
13:2>10.1726
26:22>0.309338
9
4(1):2(0)1(0)
7(0):3(1)1(1)
10(0):5(0)2(1)1(0)
11(1):5(1)2(1)1(0)
24(0):12(0)6(0)3(0)1(1)
25(1):12(1)6(0)3(0)1(1)
27(0):13(1)6(1)3(0)1(1)
52(1):26(0)13(0)6(1)3(0)1(1)
53(0):26(1)13(0)6(1)3(0)1(1)

8
1:27>0.0500001
3:18>0.526125
6:13>0.000900531
7:14>0.0100196
14:19>0.0729576
28:17>0.836779
57:1>31.9516
115:3>25.2488
9
2(0):1(0)
12(1):6(0)3(0)1(1)
13(0):6(1)3(0)1(1)
15(0):7(1)3(1)1(1)
29(0):14(1)7(0)3(1)1(1)
56(0):28(0)14(0)7(0)3(1)1(1)
114(0):57(0)28(1)14(0)7(0)3(1)1(1)
230(1):115(0)57(1)28(1)14(0)7(0)3(1)1(1)
231(0):115(1)57(1)28(1)14(0)7(0)3(1)1(1)

10
1:19>0.0791922
2:2>4.08301
3:11>0.101218
4:5>0.167695
5:1>23.7873
8:10>0.284372
16:18>0.380357
17:22>0.605
34:12>0.778103
35:0>21.6706
11
6(0):3(0)1(1)
7(1):3(1)1(1)
9(0):4(1)2(0)1(0)
10(0):5(0)2(1)1(0)
11(1):5(1)2(1)1(0)
32(1):16(0)8(0)4(0)2(0)1(0)
33(0):16(1)8(0)4(0)2(0)1(0)
68(1):34(0)17(0)8(1)4(0)2(0)1(0)
69(0):34(1)17(0)8(1)4(0)2(0)1(0)
70(1):35(0)17(1)8(1)4(0)2(0)1(0)
71(0):35(1)17(1)8(1)4(0)2(0)1(0)

11
1:25>0.0500001
3:19>0.141236
6:13>-0.0275683
7:22>0.39375
13:13>-0.127469
14:2>5.39246
15:13>0.00267717
28:5>2.97354
29:3>35.7314
56:17>0.00942518
57:22>0.41
12
2(0):1(0)
12(0):6(0)3(0)1(1)
26(1):13(0)6(1)3(0)1(1)
27(0):13(1)6(1)3(0)1(1)
30(1):15(0)7(1)3(1)1(1)
31(0):15(1)7(1)3(1)1(1)
58(0):29(0)14(1)7(0)3(1)1(1)
59(1):29(1)14(1)7(0)3(1)1(1)
112(0):56(0)28(0)14(0)7(0)3(1)1(1)
113(1):56(1)28(0)14(0)7(0)3(1)1(1)
114(1):57(0)28(1)14(0)7(0)3(1)1(1)
115(1):57(1)28(1)14(0)7(0)3(1)1(1)

13
1:27>0.0611112
3:19>0.0705121
6:2>3.72937
7:11>0.077525
12:19>0.12986
13:15>-0.109469
24:10>0.0798694
25:20>0.5175
48:19>0.131221
49:22>0.545
51:4>13.8924
98:20>0.45375
103:14>0.160121
14
2(0):1(0)
14(0):7(0)3(1)1(1)
15(1):7(1)3(1)1(1)
26(0):13(0)6(1)3(0)1(1)
27(1):13(1)6(1)3(0)1(1)
50(0):25(0)12(1)6(0)3(0)1(1)
96(1):48(0)24(0)12(0)6(0)3(0)1(1)
97(0):48(1)24(0)12(0)6(0)3(0)1(1)
99(0):49(1)24(1)12(0)6(0)3(0)1(1)
102(1):51(0)25(1)12(1)6(0)3(0)1(1)
196(1):98(0)49(0)24(1)12(0)6(0)3(0)1(1)
197(0):98(1)49(0)24(1)12(0)6(0)3(0)1(1)
206(0):103(0)51(1)25(1)12(1)6(0)3(0)1(1)
207(1):103(1)51(1)25(1)12(1)6(0)3(0)1(1)

10
1:27>0.0611112
3:22>0.64125
7:16>-0.000733334
14:17>0.000193365
15:16>-0.00228279
28:2>2.72143
30:24>0.0235702
31:19>0.100601
56:15>0.0064255
62:9>2.34008
11
2(0):1(0)
6(0):3(0)1(1)
29(0):14(1)7(0)3(1)1(1)
57(0):28(1)14(0)7(0)3(1)1(1)
60(1):30(0)15(0)7(1)3(1)1(1)
61(0):30(1)15(0)7(1)3(1)1(1)
63(0):31(1)15(1)7(1)3(1)1(1)
112(0):56(0)28(0)14(0)7(0)3(1)1(1)
113(1):56(1)28(0)14(0)7(0)3(1)1(1)
124(0):62(0)31(0)15(1)7(1)3(1)1(1)
125(1):62(1)31(0)15(1)7(1)3(1)1(1)

9
1:0>26.9623
2:27>0.0611112
3:20>0.36
5:19>0.0636866
6:22>0.605
13:22>0.46375
26:9>0.611235
52:15>-0.523988
53:6>141
10
4(0):2(0)1(0)
7(0):3(1)1(1)
10(1):5(0)2(1)1(0)
11(0):5(1)2(1)1(0)
12(0):6(0)3(0)1(1)
27(0):13(1)6(1)3(0)1(1)
104(0):52(0)26(0)13(0)6(1)3(0)1(1)
105(1):52(1)26(0)13(0)6(1)3(0)1(1)
106(0):53(0)26(1)13(0)6(1)3(0)1(1)
107(1):53(1)26(1)13(0)6(1)3(0)1(1)

7
1:1>30.3893
3:19>0.0543785
6:16>-0.00153882
12:2>2.72143
13:13>-0.0286248
24:19>0.146977
26:22>0.5375
8
2(0):1(0)
7(0):3(1)1(1)
25(0):12(1)6(0)3(0)1(1)
27(1):13(1)6(1)3(0)1(1)
48(0):24(0)12(0)6(0)3(0)1(1)
49(1):24(1)12(0)6(0)3(0)1(1)
52(0):26(0)13(0)6(1)3(0)1(1)
53(1):26(1)13(0)6(1)3(0)1(1)

12
1:24>0.021652
2:27>0.0500001
3:25>0.0513889
5:7>24.7799
7:20>0.38875
14:13>0.00139115
15:0>26.7103
29:11>0.202753
31:17>0.00515067
59:19>0.0978601
118:0>26.3072
119:13>-0.237383
13
4(0):2(0)1(0)
6(0):3(0)1(1)
10(0):5(0)2(1)1(0)
11(1):5(1)2(1)1(0)
28(1):14(0)7(0)3(1)1(1)
30(1):15(0)7(1)3(1)1(1)
58(1):29(0)14(1)7(0)3(1)1(1)
62(0):31(0)15(1)7(1)3(1)1(1)
63(1):31(1)15(1)7(1)3(1)1(1)
236(1):118(0)59(0)29(1)14(1)7(0)3(1)1(1)
237(0):118(1)59(0)29(1)14(1)7(0)3(1)1(1)
238(1):119(0)59(1)29(1)14(1)7(0)3(1)1(1)
239(0):119(1)59(1)29(1)14(1)7(0)3(1)1(1)

